PMM_CURVE_DATA
          P,         MX,         MY,
 -59218.923,      0.000,    269.133,
 -35657.227,      0.000,  10368.779,
 -35386.721,      0.000,  10470.647,
 -35100.728,      0.000,  10578.116,
 -34796.343,      0.000,  10691.184,
 -34473.548,      0.000,  10810.818,
 -34130.753,      0.000,  10937.639,
 -33765.737,      0.000,  11072.210,
 -33376.635,      0.000,  11215.365,
 -32958.550,      0.000,  11367.105,
 -32505.364,      0.000,  11527.131,
 -32015.779,      0.000,  11697.030,
 -31485.102,      0.000,  11877.490,
 -30910.555,      0.000,  12070.261,
 -30290.478,      0.000,  12278.069,
 -29618.467,      0.000,  12502.402,
 -28877.283,      0.000,  12740.634,
 -28060.785,      0.000,  12995.247,
 -27168.906,      0.000,  13272.767,
 -26175.732,      0.000,  13568.596,
 -25070.865,      0.000,  13886.413,
 -23832.766,      0.000,  14225.433,
 -22446.024,      0.000,  14589.962,
 -20883.657,      0.000,  14979.492,
 -19093.867,      0.000,  15375.636,
 -17062.472,      0.000,  15786.919,
 -14747.298,      0.000,  16200.519,
 -12100.481,      0.000,  16588.175,
  -9091.843,      0.000,  16920.451,
  -5709.106,      0.000,  17154.917,
  -1975.962,      0.000,  17237.722,
   2044.103,      0.000,  17237.760,
   6310.166,      0.000,  17126.065,
  10672.929,      0.000,  16759.360,
  14964.746,      0.000,  16163.102,
  19047.667,      0.000,  15385.774,
  22835.450,      0.000,  14487.991,
  26302.131,      0.000,  13531.797,
  29446.557,      0.000,  12558.738,
  32294.661,      0.000,  11600.619,
  34855.736,      0.000,  10669.172,
  37191.683,      0.000,   9784.986,
  39298.589,      0.000,   8943.380,
  41230.843,      0.000,   8152.882,
  42987.681,      0.000,   7407.647,
  44613.462,      0.000,   6710.258,
  46111.967,      0.000,   6055.640,
  46290.483,      0.000,   5302.750,
  47760.338,      0.000,   4761.685,
  49121.317,      0.000,   4246.597,
  50390.959,      0.000,   3757.232,
  51570.611,      0.000,   3291.857,
  52666.400,      0.000,   2849.281,
  53689.063,      0.000,   2428.574,
  54643.711,      0.000,   2028.494,
  55536.616,      0.000,   1647.910,
  56373.248,      0.000,   1285.710,
  57151.776,      0.000,    940.709,
  57881.738,      0.000,    612.053,
  58557.177,      0.000,    298.734,
  59051.421,      0.000,      0.000,
  59051.421,      0.000,      0.000,
  58557.177,      0.000,   -298.734,
  57881.738,      0.000,   -612.053,
  57151.776,      0.000,   -940.709,
  56373.248,      0.000,  -1285.710,
  55536.616,      0.000,  -1647.910,
  54643.711,      0.000,  -2028.494,
  53689.063,      0.000,  -2428.574,
  52666.400,      0.000,  -2849.281,
  51570.611,      0.000,  -3291.857,
  50390.959,      0.000,  -3757.232,
  49121.317,      0.000,  -4246.597,
  47760.338,      0.000,  -4761.685,
  46290.483,      0.000,  -5302.750,
  46111.967,      0.000,  -6055.640,
  44613.462,      0.000,  -6710.258,
  42987.681,      0.000,  -7407.647,
  41230.843,      0.000,  -8152.882,
  39298.589,      0.000,  -8943.380,
  37191.683,      0.000,  -9784.986,
  34855.736,      0.000, -10669.172,
  32294.661,      0.000, -11600.619,
  29446.557,      0.000, -12558.738,
  26302.131,      0.000, -13531.797,
  22835.450,      0.000, -14487.991,
  19047.667,      0.000, -15385.774,
  14964.746,      0.000, -16163.102,
  10672.929,      0.000, -16759.360,
   6310.166,      0.000, -17126.065,
   2044.103,      0.000, -17237.760,
  -1975.962,      0.000, -17237.722,
  -5709.106,      0.000, -17154.917,
  -9091.843,      0.000, -16920.451,
 -12100.481,      0.000, -16588.175,
 -14747.298,      0.000, -16200.519,
 -17062.472,      0.000, -15786.919,
 -19093.867,      0.000, -15375.636,
 -20883.657,      0.000, -14979.492,
 -22446.024,      0.000, -14589.962,
 -23832.766,      0.000, -14225.433,
 -25070.865,      0.000, -13886.413,
 -26175.732,      0.000, -13568.596,
 -27168.906,      0.000, -13272.767,
 -28060.785,      0.000, -12995.247,
 -28877.283,      0.000, -12740.634,
 -29618.467,      0.000, -12502.402,
 -30290.478,      0.000, -12278.069,
 -30910.555,      0.000, -12070.261,
 -31485.102,      0.000, -11877.490,
 -32015.779,      0.000, -11697.030,
 -32505.364,      0.000, -11527.131,
 -32958.550,      0.000, -11367.105,
 -33376.635,      0.000, -11215.365,
 -33765.737,      0.000, -11072.210,
 -34130.753,      0.000, -10937.639,
 -34473.548,      0.000, -10810.818,
 -34796.343,      0.000, -10691.184,
 -35100.728,      0.000, -10578.116,
 -35386.721,      0.000, -10470.647,
 -35657.227,      0.000, -10368.779,
 -59218.923,      0.000,    269.133,
 -59218.923,    125.336,    217.088,
 -35559.824,   5182.925,   8977.090,
 -35289.686,   5233.790,   9065.190,
 -35003.317,   5287.334,   9157.930,
 -34699.229,   5343.765,   9255.672,
 -34376.905,   5403.493,   9359.125,
 -34034.210,   5466.744,   9468.678,
 -33669.752,   5533.925,   9585.039,
 -33281.020,   5605.351,   9708.752,
 -32862.642,   5680.931,   9839.662,
 -32408.708,   5760.540,   9977.548,
 -31919.452,   5845.239,  10124.250,
 -31388.667,   5935.096,  10279.887,
 -30814.959,   6031.242,  10446.418,
 -30196.122,   6134.941,  10626.030,
 -29524.881,   6246.753,  10819.693,
 -28783.648,   6365.256,  11024.946,
 -27968.245,   6492.101,  11244.648,
 -27078.319,   6630.501,  11484.364,
 -26084.551,   6777.269,  11738.575,
 -24979.734,   6934.958,  12011.700,
 -23742.790,   7103.266,  12303.218,
 -22358.594,   7284.412,  12616.972,
 -20801.820,   7478.718,  12953.519,
 -19018.803,   7676.401,  13295.917,
 -16998.892,   7883.359,  13654.379,
 -14694.484,   8091.072,  14014.149,
 -12064.349,   8289.630,  14358.060,
  -9072.794,   8463.234,  14658.751,
  -5703.119,   8589.506,  14877.462,
  -1975.730,   8639.013,  14963.210,
   2043.723,   8638.439,  14962.216,
   6311.087,   8585.316,  14870.203,
  10673.871,   8401.002,  14550.962,
  14964.799,   8101.427,  14032.084,
  19049.587,   7712.557,  13358.541,
  22840.092,   7263.263,  12580.340,
  26310.348,   6784.634,  11751.331,
  29458.704,   6297.387,  10907.395,
  32310.675,   5817.438,  10076.098,
  34875.860,   5350.775,   9267.814,
  37215.991,   4907.714,   8500.410,
  39326.945,   4485.906,   7769.818,
  41263.227,   4089.662,   7083.503,
  43023.537,   3716.017,   6436.330,
  44653.389,   3366.379,   5830.740,
  46155.732,   3038.137,   5262.207,
  46345.171,   2661.027,   4609.034,
  47819.356,   2389.639,   4138.976,
  49183.318,   2131.200,   3691.346,
  50456.258,   1885.670,   3266.077,
  51639.004,   1652.159,   2861.623,
  52737.474,   1430.066,   2476.948,
  53762.776,   1218.941,   2111.267,
  54719.639,   1018.150,   1763.488,
  55615.008,    827.144,   1432.656,
  56453.563,    645.352,   1117.782,
  57234.357,    472.191,    817.858,
  57966.894,    307.229,    532.137,
  58644.158,    149.956,    259.732,
  59051.404,      0.000,      0.000,
  59051.404,      0.000,      0.000,
  58477.841,   -149.534,   -259.001,
  57795.855,   -306.329,   -530.577,
  57061.896,   -470.777,   -815.410,
  56282.126,   -643.405,  -1114.410,
  55443.064,   -824.603,  -1428.255,
  54547.044,  -1014.959,  -1757.961,
  53590.818,  -1215.066,  -2104.556,
  52566.161,  -1425.449,  -2468.951,
  51468.853,  -1646.748,  -2852.251,
  50286.126,  -1879.350,  -3255.129,
  49013.416,  -2123.880,  -3678.668,
  47648.006,  -2381.124,  -4124.227,
  46172.682,  -2651.176,  -4591.971,
  46016.790,  -3029.052,  -5246.471,
  44516.785,  -3356.148,  -5813.018,
  42891.047,  -3704.647,  -6416.638,
  41133.897,  -4076.926,  -7061.442,
  39201.138,  -4471.645,  -7745.117,
  37092.290,  -4891.499,  -8472.325,
  34758.222,  -5332.833,  -9236.737,
  32198.063,  -5797.278, -10041.180,
  29352.876,  -6274.890, -10868.428,
  26210.572,  -6759.040, -11707.000,
  22746.840,  -7233.752, -12529.227,
  18972.480,  -7681.493, -13304.736,
  14910.855,  -8072.385, -13981.782,
  10645.298,  -8378.680, -14512.299,
   6302.975,  -8574.452, -14851.386,
   2043.825,  -8639.043, -14963.261,
  -1975.558,  -8638.436, -14962.210,
  -5709.943,  -8599.957, -14895.562,
  -9093.478,  -8482.698, -14692.464,
 -12099.655,  -8314.056, -14400.367,
 -14747.021,  -8120.163, -14064.534,
 -17063.075,  -7913.282, -13706.207,
 -19095.512,  -7707.517, -13349.811,
 -20886.468,  -7509.301, -13006.490,
 -22449.995,  -7314.337, -12668.803,
 -23838.139,  -7131.935, -12352.874,
 -25077.490,  -6962.237, -12058.947,
 -26183.463,  -6803.104, -11783.322,
 -27177.499,  -6654.919, -11526.658,
 -28070.552,  -6515.979, -11286.006,
 -28888.250,  -6388.515, -11065.233,
 -29630.443,  -6269.212, -10858.594,
 -30303.199,  -6156.819, -10663.923,
 -30924.188,  -6052.742, -10483.656,
 -31499.702,  -5956.210, -10316.458,
 -32031.444,  -5865.864, -10159.975,
 -32521.416,  -5780.689, -10012.447,
 -32975.469,  -5700.549,  -9873.641,
 -33393.967,  -5624.486,  -9741.896,
 -33783.549,  -5552.739,  -9617.627,
 -34149.203,  -5485.324,  -9500.860,
 -34492.650,  -5421.795,  -9390.825,
 -34816.037,  -5361.861,  -9287.015,
 -35120.834,  -5305.191,  -9188.860,
 -35407.442,  -5251.359,  -9095.621,
 -35678.180,  -5200.280,  -9007.149,
 -59218.923,    125.336,    217.088,
 -59218.923,    206.522,    119.236,
 -35492.923,   8974.969,   5181.701,
 -35224.656,   9063.399,   5232.756,
 -34938.338,   9155.996,   5286.217,
 -34635.321,   9253.852,   5342.714,
 -34313.947,   9357.382,   5402.487,
 -33971.566,   9466.827,   5465.675,
 -33607.695,   9583.142,   5532.830,
 -33220.247,   9706.996,   5604.337,
 -32805.773,   9838.824,   5680.448,
 -32354.415,   9977.251,   5760.368,
 -31867.867,  10124.548,   5845.411,
 -31340.724,  10281.103,   5935.798,
 -30768.212,  10447.762,   6032.018,
 -30150.672,  10627.523,   6135.804,
 -29482.520,  10821.977,   6248.071,
 -28748.356,  11029.578,   6367.930,
 -27935.947,  11250.175,   6495.292,
 -27047.654,  11490.266,   6633.908,
 -26064.326,  11748.805,   6783.176,
 -24964.288,  12024.058,   6942.093,
 -23733.296,  12318.569,   7112.129,
 -22353.508,  12634.892,   7294.759,
 -20804.705,  12976.669,   7492.083,
 -19023.082,  13320.828,   7690.784,
 -17006.292,  13682.838,   7899.790,
 -14700.924,  14043.398,   8107.960,
 -12070.996,  14389.649,   8307.868,
  -9076.832,  14689.447,   8480.956,
  -5704.617,  14905.897,   8605.924,
  -1975.744,  14987.977,   8653.313,
   2043.855,  14987.850,   8653.239,
   6311.380,  14895.405,   8599.866,
  10674.708,  14576.087,   8415.508,
  14966.703,  14057.000,   8115.813,
  19053.165,  13383.072,   7726.720,
  22845.824,  12604.237,   7277.060,
  26319.061,  11774.597,   6798.067,
  29470.609,  10929.787,   6310.316,
  32324.660,  10097.074,   5829.548,
  34892.860,   9287.614,   5362.206,
  37236.025,   8519.004,   4918.449,
  39349.555,   7787.099,   4495.884,
  41289.715,   7099.733,   4099.033,
  43051.564,   6451.138,   3724.566,
  44685.339,   5844.529,   3374.340,
  46189.969,   5274.790,   3045.402,
  46387.322,   4620.829,   2667.837,
  47864.695,   4149.729,   2395.847,
  49230.048,   3700.943,   2136.740,
  50505.352,   3274.643,   1890.616,
  51690.633,   2869.206,   1656.537,
  52791.380,   2483.566,   1433.888,
  53818.411,   2116.935,   1222.213,
  54776.978,   1768.246,   1020.897,
  55675.447,   1436.577,    829.408,
  56513.840,   1120.820,    647.106,
  57297.881,    820.116,    473.494,
  58031.798,    533.611,    308.080,
  58716.745,    260.482,    150.390,
  59051.403,      0.000,      0.000,
  59051.403,      0.000,      0.000,
  58423.240,   -259.184,   -149.640,
  57735.745,   -530.896,   -306.513,
  56998.296,   -815.839,   -471.025,
  56213.414,  -1114.877,   -643.674,
  55375.685,  -1428.861,   -824.954,
  54475.333,  -1758.532,  -1015.289,
  53518.549,  -2105.169,  -1215.420,
  52490.615,  -2469.450,  -1425.738,
  51394.898,  -2852.829,  -1647.082,
  50208.425,  -3255.435,  -1879.526,
  48937.544,  -3679.004,  -2124.074,
  47576.514,  -4124.800,  -2381.454,
  46105.640,  -4592.832,  -2651.673,
  45949.635,  -5247.416,  -3029.597,
  44448.672,  -5813.653,  -3356.514,
  42822.438,  -6416.891,  -3704.794,
  41064.615,  -7061.122,  -4076.741,
  39129.882,  -7743.731,  -4470.845,
  37023.428,  -8470.480,  -4890.434,
  34694.168,  -9234.852,  -5331.744,
  32144.311, -10040.875,  -5797.102,
  29312.589, -10871.330,  -6276.565,
  26189.652, -11716.861,  -6764.733,
  22741.574, -12546.892,  -7243.951,
  18976.832, -13329.636,  -7695.869,
  14917.646, -14011.115,  -8089.321,
  10650.715, -14543.522,  -8396.706,
   6305.039, -14880.641,  -8591.342,
   2043.912, -14988.469,  -8653.597,
  -1975.639, -14987.388,  -8652.972,
  -5710.232, -14920.771,  -8614.511,
  -9094.117, -14717.620,  -8497.222,
 -12100.857, -14425.442,  -8328.533,
 -14748.927, -14089.445,  -8134.545,
 -17065.873, -13730.962,  -7927.574,
 -19099.206, -13374.314,  -7721.664,
 -20891.148, -13030.763,  -7523.315,
 -22455.547, -12692.740,  -7328.157,
 -23844.882, -12376.654,  -7145.665,
 -25085.606, -12082.655,  -6975.924,
 -26192.176, -11806.595,  -6816.541,
 -27186.527, -11549.418,  -6668.060,
 -28080.470, -11308.529,  -6528.982,
 -28899.470, -11087.704,  -6401.489,
 -29642.443, -10880.827,  -6282.048,
 -30315.166, -10685.649,  -6169.362,
 -30936.867, -10505.173,  -6065.165,
 -31513.215, -10337.828,  -5968.548,
 -32045.813, -10181.220,  -5878.130,
 -32535.723, -10033.297,  -5792.727,
 -32991.214,  -9894.574,  -5712.635,
 -33409.219,  -9762.347,  -5636.293,
 -33799.063,  -9637.841,  -5564.410,
 -34165.210,  -9520.918,  -5496.905,
 -34509.484,  -9410.833,  -5433.347,
 -34833.228,  -9306.855,  -5373.315,
 -35138.124,  -9208.477,  -5316.517,
 -35425.564,  -9115.217,  -5262.673,
 -35696.065,  -9026.459,  -5211.429,
 -59218.923,    206.522,    119.236,
 -59218.923,    234.429,      0.000,
 -35500.105,  10372.098,      0.000,
 -35231.644,  10474.252,      0.000,
 -34946.951,  10581.773,      0.000,
 -34643.637,  10694.799,      0.000,
 -34322.379,  10814.511,      0.000,
 -33980.005,  10941.027,      0.000,
 -33615.729,  11075.352,      0.000,
 -33227.856,  11218.380,      0.000,
 -32813.914,  11370.950,      0.000,
 -32363.810,  11531.419,      0.000,
 -31876.533,  11701.446,      0.000,
 -31350.057,  11882.692,      0.000,
 -30776.486,  12074.964,      0.000,
 -30157.843,  12282.341,      0.000,
 -29488.640,  12506.694,      0.000,
 -28753.973,  12746.458,      0.000,
 -27940.523,  13000.983,      0.000,
 -27050.827,  13277.821,      0.000,
 -26066.759,  13576.257,      0.000,
 -24966.435,  13894.221,      0.000,
 -23735.125,  14234.411,      0.000,
 -22354.996,  14599.778,      0.000,
 -20805.872,  14994.548,      0.000,
 -19023.914,  15392.034,      0.000,
 -17007.415,  15810.684,      0.000,
 -14701.176,  16226.522,      0.000,
 -12071.039,  16626.374,      0.000,
  -9076.751,  16972.562,      0.000,
  -5704.513,  17222.493,      0.000,
  -1975.702,  17317.282,      0.000,
   2043.811,  17317.121,      0.000,
   6311.274,  17210.393,      0.000,
  10674.671,  16841.673,      0.000,
  14966.954,  16242.232,      0.000,
  19053.957,  15463.922,      0.000,
  22847.361,  14564.366,      0.000,
  26321.936,  13606.277,      0.000,
  29474.390,  12630.287,      0.000,
  32329.204,  11668.160,      0.000,
  34898.507,  10732.978,      0.000,
  37242.954,   9844.993,      0.000,
  39357.513,   8999.312,      0.000,
  41300.057,   8205.339,      0.000,
  43061.771,   7455.643,      0.000,
  44697.925,   6754.879,      0.000,
  46203.241,   6096.432,      0.000,
  46402.303,   5340.795,      0.000,
  47880.774,   4796.355,      0.000,
  49247.072,   4277.681,      0.000,
  50523.417,   3784.993,      0.000,
  51709.057,   3316.364,      0.000,
  52811.537,   2870.697,      0.000,
  53838.218,   2446.883,      0.000,
  54798.934,   2043.913,      0.000,
  55700.206,   1660.610,      0.000,
  56535.496,   1295.532,      0.000,
  57320.216,    947.960,      0.000,
  58058.033,    616.832,      0.000,
  58746.691,    301.124,      0.000,
  59051.370,      0.000,      0.000,
  59051.370,      0.000,      0.000,
  58403.907,   -299.371,      0.000,
  57712.614,   -613.170,      0.000,
  56977.968,   -942.313,      0.000,
  56190.919,  -1287.653,      0.000,
  55354.763,  -1650.334,      0.000,
  54455.450,  -2031.130,      0.000,
  53500.405,  -2431.563,      0.000,
  52473.297,  -2852.350,      0.000,
  51378.440,  -3295.205,      0.000,
  50193.488,  -3760.327,      0.000,
  48923.703,  -4249.650,      0.000,
  47563.806,  -4764.668,      0.000,
  46094.236,  -5305.410,      0.000,
  45927.351,  -6060.112,      0.000,
  44430.382,  -6714.539,      0.000,
  42805.054,  -7411.296,      0.000,
  41055.444,  -8156.851,      0.000,
  39128.388,  -8947.043,      0.000,
  37031.902,  -9789.335,      0.000,
  34702.530, -10672.850,      0.000,
  32153.360, -11604.852,      0.000,
  29318.558, -12563.681,      0.000,
  26192.158, -13539.376,      0.000,
  22743.159, -14498.138,      0.000,
  18977.656, -15402.207,      0.000,
  14917.922, -16189.242,      0.000,
  10650.686, -16804.060,      0.000,
   6304.931, -17193.330,      0.000,
   2043.869, -17317.848,      0.000,
  -1975.596, -17316.586,      0.000,
  -5710.130, -17239.686,      0.000,
  -9094.032, -17005.106,      0.000,
 -12100.888, -16667.714,      0.000,
 -14749.153, -16279.699,      0.000,
 -17066.372, -15865.708,      0.000,
 -19100.003, -15453.806,      0.000,
 -20892.276, -15057.023,      0.000,
 -22456.987, -14666.586,      0.000,
 -23846.682, -14301.509,      0.000,
 -25088.224, -13962.188,      0.000,
 -26194.929, -13643.196,      0.000,
 -27189.215, -13345.930,      0.000,
 -28083.474, -13067.677,      0.000,
 -28902.992, -12812.691,      0.000,
 -29646.162, -12573.673,      0.000,
 -30318.928, -12348.114,      0.000,
 -30940.886, -12139.630,      0.000,
 -31517.526, -11946.330,      0.000,
 -32050.395, -11765.428,      0.000,
 -32540.403, -11594.498,      0.000,
 -32996.397, -11434.340,      0.000,
 -33414.164, -11281.434,      0.000,
 -33804.213, -11137.603,      0.000,
 -34170.534, -11002.524,      0.000,
 -34515.228, -10875.422,      0.000,
 -34838.842, -10755.206,      0.000,
 -35143.869, -10641.543,      0.000,
 -35432.040, -10533.972,      0.000,
 -35702.034, -10431.238,      0.000,
 -59218.923,    234.429,      0.000,
 -59218.923,    206.522,   -119.236,
 -35492.923,   8974.969,  -5181.701,
 -35224.656,   9063.399,  -5232.756,
 -34938.338,   9155.996,  -5286.217,
 -34635.321,   9253.852,  -5342.714,
 -34313.947,   9357.382,  -5402.487,
 -33971.566,   9466.827,  -5465.675,
 -33607.695,   9583.142,  -5532.830,
 -33220.247,   9706.996,  -5604.337,
 -32805.773,   9838.824,  -5680.448,
 -32354.415,   9977.251,  -5760.368,
 -31867.867,  10124.548,  -5845.411,
 -31340.724,  10281.103,  -5935.798,
 -30768.212,  10447.762,  -6032.018,
 -30150.672,  10627.523,  -6135.804,
 -29482.520,  10821.977,  -6248.071,
 -28748.356,  11029.578,  -6367.930,
 -27935.947,  11250.175,  -6495.292,
 -27047.654,  11490.266,  -6633.908,
 -26064.326,  11748.805,  -6783.176,
 -24964.288,  12024.058,  -6942.093,
 -23733.296,  12318.569,  -7112.129,
 -22353.508,  12634.892,  -7294.759,
 -20804.705,  12976.669,  -7492.083,
 -19023.082,  13320.828,  -7690.784,
 -17006.292,  13682.838,  -7899.790,
 -14700.924,  14043.398,  -8107.960,
 -12070.996,  14389.649,  -8307.868,
  -9076.832,  14689.447,  -8480.956,
  -5704.617,  14905.897,  -8605.924,
  -1975.744,  14987.977,  -8653.313,
   2043.855,  14987.850,  -8653.239,
   6311.380,  14895.405,  -8599.866,
  10674.708,  14576.087,  -8415.508,
  14966.703,  14057.000,  -8115.813,
  19053.165,  13383.072,  -7726.720,
  22845.824,  12604.237,  -7277.060,
  26319.061,  11774.597,  -6798.067,
  29470.609,  10929.787,  -6310.316,
  32324.660,  10097.074,  -5829.548,
  34892.860,   9287.614,  -5362.206,
  37236.025,   8519.004,  -4918.449,
  39349.555,   7787.099,  -4495.884,
  41289.715,   7099.733,  -4099.033,
  43051.564,   6451.138,  -3724.566,
  44685.339,   5844.529,  -3374.340,
  46189.969,   5274.790,  -3045.402,
  46387.322,   4620.829,  -2667.837,
  47864.695,   4149.729,  -2395.847,
  49230.048,   3700.943,  -2136.740,
  50505.352,   3274.643,  -1890.616,
  51690.633,   2869.206,  -1656.537,
  52791.380,   2483.566,  -1433.888,
  53818.411,   2116.935,  -1222.213,
  54776.978,   1768.246,  -1020.897,
  55675.447,   1436.577,   -829.408,
  56513.840,   1120.820,   -647.106,
  57297.881,    820.116,   -473.494,
  58031.798,    533.611,   -308.080,
  58716.745,    260.482,   -150.390,
  59051.403,      0.000,      0.000,
  59051.403,      0.000,      0.000,
  58423.240,   -259.184,    149.640,
  57735.745,   -530.896,    306.513,
  56998.296,   -815.839,    471.025,
  56213.414,  -1114.877,    643.674,
  55375.685,  -1428.861,    824.954,
  54475.333,  -1758.532,   1015.289,
  53518.549,  -2105.169,   1215.420,
  52490.615,  -2469.450,   1425.738,
  51394.898,  -2852.829,   1647.082,
  50208.425,  -3255.435,   1879.526,
  48937.544,  -3679.004,   2124.074,
  47576.514,  -4124.800,   2381.454,
  46105.640,  -4592.832,   2651.673,
  45949.635,  -5247.416,   3029.597,
  44448.672,  -5813.653,   3356.514,
  42822.438,  -6416.891,   3704.794,
  41064.615,  -7061.122,   4076.741,
  39129.882,  -7743.731,   4470.845,
  37023.428,  -8470.480,   4890.434,
  34694.168,  -9234.852,   5331.744,
  32144.311, -10040.875,   5797.102,
  29312.589, -10871.330,   6276.565,
  26189.652, -11716.861,   6764.733,
  22741.574, -12546.892,   7243.951,
  18976.832, -13329.636,   7695.869,
  14917.646, -14011.115,   8089.321,
  10650.715, -14543.522,   8396.706,
   6305.039, -14880.641,   8591.342,
   2043.912, -14988.469,   8653.597,
  -1975.639, -14987.388,   8652.972,
  -5710.232, -14920.771,   8614.511,
  -9094.117, -14717.620,   8497.222,
 -12100.857, -14425.442,   8328.533,
 -14748.927, -14089.445,   8134.545,
 -17065.873, -13730.962,   7927.574,
 -19099.206, -13374.314,   7721.664,
 -20891.148, -13030.763,   7523.315,
 -22455.547, -12692.740,   7328.157,
 -23844.882, -12376.654,   7145.665,
 -25085.606, -12082.655,   6975.924,
 -26192.176, -11806.595,   6816.541,
 -27186.527, -11549.418,   6668.060,
 -28080.470, -11308.529,   6528.982,
 -28899.470, -11087.704,   6401.489,
 -29642.443, -10880.827,   6282.048,
 -30315.166, -10685.649,   6169.362,
 -30936.867, -10505.173,   6065.165,
 -31513.215, -10337.828,   5968.548,
 -32045.813, -10181.220,   5878.130,
 -32535.723, -10033.297,   5792.727,
 -32991.214,  -9894.574,   5712.635,
 -33409.219,  -9762.347,   5636.293,
 -33799.063,  -9637.841,   5564.410,
 -34165.210,  -9520.918,   5496.905,
 -34509.484,  -9410.833,   5433.347,
 -34833.228,  -9306.855,   5373.315,
 -35138.124,  -9208.477,   5316.517,
 -35425.564,  -9115.217,   5262.673,
 -35696.065,  -9026.459,   5211.429,
 -59218.923,    206.522,   -119.236,
 -59218.923,    125.336,   -217.088,
 -35559.824,   5182.925,  -8977.090,
 -35289.686,   5233.790,  -9065.190,
 -35003.317,   5287.334,  -9157.930,
 -34699.229,   5343.765,  -9255.672,
 -34376.905,   5403.493,  -9359.125,
 -34034.210,   5466.744,  -9468.678,
 -33669.752,   5533.925,  -9585.039,
 -33281.020,   5605.351,  -9708.752,
 -32862.642,   5680.931,  -9839.662,
 -32408.708,   5760.540,  -9977.548,
 -31919.452,   5845.239, -10124.250,
 -31388.667,   5935.096, -10279.887,
 -30814.959,   6031.242, -10446.418,
 -30196.122,   6134.941, -10626.030,
 -29524.881,   6246.753, -10819.693,
 -28783.648,   6365.256, -11024.946,
 -27968.245,   6492.101, -11244.648,
 -27078.319,   6630.501, -11484.364,
 -26084.551,   6777.269, -11738.575,
 -24979.734,   6934.958, -12011.700,
 -23742.790,   7103.266, -12303.218,
 -22358.594,   7284.412, -12616.972,
 -20801.820,   7478.718, -12953.519,
 -19018.803,   7676.401, -13295.917,
 -16998.892,   7883.359, -13654.379,
 -14694.484,   8091.072, -14014.149,
 -12064.349,   8289.630, -14358.060,
  -9072.794,   8463.234, -14658.751,
  -5703.119,   8589.506, -14877.462,
  -1975.730,   8639.013, -14963.210,
   2043.723,   8638.439, -14962.216,
   6311.087,   8585.316, -14870.203,
  10673.871,   8401.002, -14550.962,
  14964.799,   8101.427, -14032.084,
  19049.587,   7712.557, -13358.541,
  22840.092,   7263.263, -12580.340,
  26310.348,   6784.634, -11751.331,
  29458.704,   6297.387, -10907.395,
  32310.675,   5817.438, -10076.098,
  34875.860,   5350.775,  -9267.814,
  37215.991,   4907.714,  -8500.410,
  39326.945,   4485.906,  -7769.818,
  41263.227,   4089.662,  -7083.503,
  43023.537,   3716.017,  -6436.330,
  44653.389,   3366.379,  -5830.740,
  46155.732,   3038.137,  -5262.207,
  46345.171,   2661.027,  -4609.034,
  47819.356,   2389.639,  -4138.976,
  49183.318,   2131.200,  -3691.346,
  50456.258,   1885.670,  -3266.077,
  51639.004,   1652.159,  -2861.623,
  52737.474,   1430.066,  -2476.948,
  53762.776,   1218.941,  -2111.267,
  54719.639,   1018.150,  -1763.488,
  55615.008,    827.144,  -1432.656,
  56453.563,    645.352,  -1117.782,
  57234.357,    472.191,   -817.858,
  57966.894,    307.229,   -532.137,
  58644.158,    149.956,   -259.732,
  59051.404,      0.000,      0.000,
  59051.404,      0.000,      0.000,
  58477.841,   -149.534,    259.001,
  57795.855,   -306.329,    530.577,
  57061.896,   -470.777,    815.410,
  56282.126,   -643.405,   1114.410,
  55443.064,   -824.603,   1428.255,
  54547.044,  -1014.959,   1757.961,
  53590.818,  -1215.066,   2104.556,
  52566.161,  -1425.449,   2468.951,
  51468.853,  -1646.748,   2852.251,
  50286.126,  -1879.350,   3255.129,
  49013.416,  -2123.880,   3678.668,
  47648.006,  -2381.124,   4124.227,
  46172.682,  -2651.176,   4591.971,
  46016.790,  -3029.052,   5246.471,
  44516.785,  -3356.148,   5813.018,
  42891.047,  -3704.647,   6416.638,
  41133.897,  -4076.926,   7061.442,
  39201.138,  -4471.645,   7745.117,
  37092.290,  -4891.499,   8472.325,
  34758.222,  -5332.833,   9236.737,
  32198.063,  -5797.278,  10041.180,
  29352.876,  -6274.890,  10868.428,
  26210.572,  -6759.040,  11707.000,
  22746.840,  -7233.752,  12529.227,
  18972.480,  -7681.493,  13304.736,
  14910.855,  -8072.385,  13981.782,
  10645.298,  -8378.680,  14512.299,
   6302.975,  -8574.452,  14851.386,
   2043.825,  -8639.043,  14963.261,
  -1975.558,  -8638.436,  14962.210,
  -5709.943,  -8599.957,  14895.562,
  -9093.478,  -8482.698,  14692.464,
 -12099.655,  -8314.056,  14400.367,
 -14747.021,  -8120.163,  14064.534,
 -17063.075,  -7913.282,  13706.207,
 -19095.512,  -7707.517,  13349.811,
 -20886.468,  -7509.301,  13006.490,
 -22449.995,  -7314.337,  12668.803,
 -23838.139,  -7131.935,  12352.874,
 -25077.490,  -6962.237,  12058.947,
 -26183.463,  -6803.104,  11783.322,
 -27177.499,  -6654.919,  11526.658,
 -28070.552,  -6515.979,  11286.006,
 -28888.250,  -6388.515,  11065.233,
 -29630.443,  -6269.212,  10858.594,
 -30303.199,  -6156.819,  10663.923,
 -30924.188,  -6052.742,  10483.656,
 -31499.702,  -5956.210,  10316.458,
 -32031.444,  -5865.864,  10159.975,
 -32521.416,  -5780.689,  10012.447,
 -32975.469,  -5700.549,   9873.641,
 -33393.967,  -5624.486,   9741.896,
 -33783.549,  -5552.739,   9617.627,
 -34149.203,  -5485.324,   9500.860,
 -34492.650,  -5421.795,   9390.825,
 -34816.037,  -5361.861,   9287.015,
 -35120.834,  -5305.191,   9188.860,
 -35407.442,  -5251.359,   9095.621,
 -35678.180,  -5200.280,   9007.149,
 -59218.923,    125.336,   -217.088,
