9.240E+000
7.307E+001
-5.219E+001
-9.110E+001
-9.027E+001
-6.623E+001
6.694E+001
2.972E+001
-5.856E+001
2.666E+001
-6.330E+000
-3.197E+001
-5.612E+001
7.864E+001
5.550E+001
-3.210E+001
-4.532E+001
-8.955E+000
-1.010E+001
-2.562E+001
4.814E+001
2.238E+001
-9.021E+000
-6.022E+001
-4.010E+001
5.210E+001
-2.614E+001
-2.548E+001
-1.269E+001
-3.700E+001
-1.136E+002
1.875E+000
1.510E+002
-2.860E+001
-9.111E+001
-2.125E+001
9.273E+000
-1.489E+002
-3.605E+001
2.989E+001
-2.194E+001
1.402E+002
1.720E+002
1.695E+002
1.149E+002
-2.400E-002
7.424E+001
-5.980E+001
-2.092E+002
-1.777E+002
-2.574E+002
-8.035E+001
-9.170E+001
-9.077E+001
-1.884E+002
-3.044E+002
-6.681E+001
-8.685E+001
-5.542E+001
1.762E+001
1.431E+001
1.064E+002
-3.471E+000
2.679E+002
6.793E+002
5.336E+002
1.928E+002
1.636E+002
9.114E+001
-1.629E+002
-2.945E+002
-2.130E+002
-3.459E+002
-3.712E+002
-8.083E+001
-7.173E+000
-1.536E+002
-1.160E+002
1.870E+002
4.490E+002
5.087E+002
2.602E+002
1.827E+002
2.756E+002
1.772E+002
1.102E+002
1.067E+002
-2.281E+002
-4.972E+002
-4.974E+002
-4.846E+002
-2.178E+002
-7.179E+000
1.361E+002
-4.275E+001
-4.571E+001
2.330E+002
3.460E+002
3.254E+002
4.929E+002
5.660E+002
3.902E+002
3.324E+002
5.024E+002
5.670E+002
5.953E+002
5.938E+002
8.751E+002
1.347E+003
1.625E+003
1.008E+003
4.383E+002
5.894E+002
4.333E+002
-1.086E+002
-5.513E+002
-1.118E+003
-1.543E+003
-8.914E+002
7.015E+002
1.897E+003
2.005E+003
1.776E+003
1.914E+003
1.739E+003
5.674E+002
-4.869E+002
-8.443E+002
-9.048E+002
-1.119E+003
-1.235E+003
-1.334E+003
-1.560E+003
-1.695E+003
-1.840E+003
-2.068E+003
-2.381E+003
-2.520E+003
-2.016E+003
-9.688E+002
3.737E+002
1.229E+003
1.098E+003
5.589E+002
-2.348E+002
-1.038E+003
-1.622E+003
-1.924E+003
-2.037E+003
-1.877E+003
-1.638E+003
-1.725E+003
-1.761E+003
-1.429E+003
-1.076E+003
-8.415E+002
-6.641E+002
-2.725E+002
3.376E+002
8.664E+002
1.218E+003
1.736E+003
2.179E+003
2.252E+003
2.273E+003
2.360E+003
2.259E+003
1.610E+003
8.043E+002
4.689E+002
6.053E+002
5.496E+002
4.769E+002
5.658E+002
7.399E+002
4.691E+002
3.263E+002
5.444E+002
1.006E+003
1.247E+003
1.182E+003
9.793E+002
1.012E+003
1.219E+003
8.861E+002
-2.232E+002
-1.212E+003
-1.837E+003
-2.024E+003
-1.380E+003
-2.855E+002
6.766E+002
8.754E+002
-1.569E+002
-1.183E+003
-1.561E+003
-1.617E+003
-1.651E+003
-1.122E+003
-4.403E+002
-5.955E+002
-1.045E+003
-8.397E+002
-6.356E+002
-9.209E+002
-1.141E+003
-1.132E+003
-1.436E+003
-1.654E+003
-1.339E+003
-5.050E+002
5.996E+002
1.492E+003
1.970E+003
2.043E+003
2.128E+003
2.354E+003
2.532E+003
2.536E+003
2.618E+003
2.824E+003
2.883E+003
2.382E+003
1.295E+003
-1.599E+002
-1.094E+003
-1.191E+003
-1.038E+003
-1.144E+003
-1.346E+003
-1.526E+003
-1.723E+003
-1.716E+003
-1.298E+003
-4.562E+002
5.198E+002
1.180E+003
1.005E+003
7.519E+002
8.565E+002
1.316E+003
1.934E+003
2.154E+003
1.413E+003
3.027E+002
-3.157E+002
-3.953E+002
-2.368E+002
-2.727E+002
-4.899E+002
-5.681E+002
-6.123E+002
-8.195E+002
-1.197E+003
-1.747E+003
-2.140E+003
-2.282E+003
-2.581E+003
-3.025E+003
-3.172E+003
-2.986E+003
-2.811E+003
-2.724E+003
-2.682E+003
-2.582E+003
-2.483E+003
-2.397E+003
-2.394E+003
-2.441E+003
-2.286E+003
-1.594E+003
-5.820E+002
2.376E+002
5.445E+002
3.569E+002
6.987E+001
-8.437E+001
-6.846E+001
6.550E+001
3.242E+002
6.015E+002
8.545E+002
1.213E+003
1.729E+003
2.300E+003
2.749E+003
3.038E+003
3.239E+003
3.382E+003
3.498E+003
3.621E+003
3.443E+003
3.009E+003
2.856E+003
2.957E+003
3.199E+003
3.314E+003
3.135E+003
2.920E+003
2.809E+003
2.585E+003
2.071E+003
1.697E+003
1.602E+003
1.482E+003
1.191E+003
8.546E+002
7.067E+002
8.517E+002
1.022E+003
9.759E+002
7.324E+002
4.051E+002
3.430E+001
-3.950E+002
-8.630E+002
-1.225E+003
-1.392E+003
-1.497E+003
-1.502E+003
-1.465E+003
-1.465E+003
-1.564E+003
-1.793E+003
-2.008E+003
-2.105E+003
-2.040E+003
-1.929E+003
-1.889E+003
-1.944E+003
-1.912E+003
-1.675E+003
-1.393E+003
-1.115E+003
-9.048E+002
-7.957E+002
-6.500E+002
-5.061E+002
-5.710E+002
-7.002E+002
-7.275E+002
-6.668E+002
-6.437E+002
-6.883E+002
-8.168E+002
-9.586E+002
-1.001E+003
-9.173E+002
-6.698E+002
-2.781E+002
8.053E+001
1.638E+002
-4.298E+001
-1.904E+002
-4.566E+001
1.863E+002
3.020E+002
2.572E+002
4.320E+001
1.892E+002
4.545E+002
2.936E+002
-2.430E+002
-7.744E+002
-9.635E+002
-8.669E+002
-7.836E+002
-8.421E+002
-1.067E+003
-1.281E+003
-1.411E+003
-1.413E+003
-1.247E+003
-8.504E+002
-3.127E+002
1.179E+002
4.240E+002
7.941E+002
1.183E+003
1.229E+003
9.337E+002
6.310E+002
4.558E+002
3.196E+002
9.295E+001
-4.694E+001
-1.683E+001
8.940E+001
1.558E+002
2.120E+002
3.518E+002
5.494E+002
7.011E+002
7.726E+002
1.012E+003
1.573E+003
2.113E+003
2.596E+003
2.947E+003
2.961E+003
2.635E+003
2.201E+003
1.753E+003
1.360E+003
9.929E+002
6.693E+002
4.148E+002
3.077E+002
3.122E+002
2.373E+002
1.400E+002
5.700E-002
-1.180E+002
-4.120E+001
1.123E+001
-9.000E-002
-2.913E+001
-2.873E+001
-3.656E+001
-3.278E+001
1.848E+000
-4.617E+000
-7.746E+001
-2.578E+002
-5.152E+002
-7.297E+002
-8.727E+002
-1.014E+003
-1.150E+003
-1.455E+003
-1.784E+003
-2.078E+003
-2.405E+003
-2.635E+003
-2.705E+003
-2.651E+003
-2.519E+003
-2.331E+003
-2.113E+003
-1.942E+003
-1.719E+003
-1.392E+003
-9.598E+002
-4.848E+002
-1.230E+002
7.756E+001
1.378E+002
4.632E+000
-2.070E+000
1.033E+002
1.715E+002
2.566E+002
2.222E+002
1.671E+002
1.531E+002
2.219E+002
1.921E+002
9.874E+001
1.384E+002
2.989E+002
5.105E+002
5.902E+002
5.051E+002
4.582E+002
5.663E+002
6.563E+002
6.503E+002
5.017E+002
4.166E+002
4.688E+002
6.182E+002
8.285E+002
9.862E+002
9.601E+002
7.983E+002
7.176E+002
7.734E+002
9.441E+002
1.005E+003
8.686E+002
7.211E+002
6.519E+002
5.394E+002
3.086E+002
1.326E+002
1.354E+002
1.357E+002
-1.211E+001
-1.385E+002
-1.540E+002
-1.379E+002
-2.315E+002
-4.395E+002
-5.674E+002
-4.966E+002
-4.007E+002
-4.872E+002
-5.875E+002
-3.762E+002
-7.950E-001
3.036E+002
4.387E+002
4.980E+002
6.119E+002
6.987E+002
7.573E+002
7.763E+002
8.116E+002
8.912E+002
8.405E+002
6.510E+002
3.631E+002
1.664E+002
1.835E+002
1.609E+002
3.110E+001
-1.767E+000
1.561E+002
3.529E+002
4.110E+002
4.447E+002
5.654E+002
7.020E+002
8.240E+002
9.424E+002
1.114E+003
1.241E+003
1.233E+003
1.029E+003
7.163E+002
4.301E+002
2.191E+002
2.573E+001
-1.421E+002
-2.626E+002
-3.249E+002
-3.263E+002
-3.135E+002
-3.610E+002
-4.916E+002
-5.064E+002
-4.409E+002
-4.457E+002
-5.560E+002
-6.805E+002
-7.594E+002
-8.963E+002
-1.054E+003
-1.078E+003
-9.581E+002
-8.437E+002
-8.077E+002
-7.903E+002
-7.233E+002
-5.985E+002
-5.291E+002
-5.093E+002
-4.380E+002
-2.892E+002
-1.496E+002
-6.134E+001
-1.398E+001
-5.742E+000
-1.325E+001
-6.689E+001
-1.759E+002
-3.439E+002
-4.669E+002
-4.946E+002
-4.838E+002
-5.575E+002
-7.044E+002
-8.134E+002
-8.996E+002
-1.029E+003
-1.184E+003
-1.278E+003
-1.246E+003
-1.078E+003
-8.102E+002
-5.962E+002
-3.699E+002
-1.144E+002
4.748E+001
8.681E+001
8.073E+001
1.294E+002
1.614E+002
1.489E+002
1.669E+002
2.423E+002
3.095E+002
2.745E+002
2.252E+002
2.436E+002
2.902E+002
2.978E+002
2.705E+002
2.714E+002
3.638E+002
4.742E+002
5.725E+002
6.320E+002
6.690E+002
6.996E+002
7.241E+002
7.929E+002
9.138E+002
1.095E+003
1.250E+003
1.328E+003
1.352E+003
1.281E+003
1.057E+003
7.515E+002
4.901E+002
3.151E+002
2.080E+002
1.466E+002
1.505E+002
2.069E+002
1.973E+002
9.303E+001
-2.376E+000
7.350E-001
5.115E+001
5.682E+001
6.294E+000
-5.602E+001
-1.182E+002
-2.027E+002
-3.396E+002
-5.619E+002
-7.986E+002
-1.022E+003
-1.319E+003
-1.753E+003
-2.179E+003
-2.294E+003
-2.058E+003
-1.667E+003
-1.247E+003
-8.312E+002
-4.306E+002
-1.238E+002
1.068E+001
8.633E+001
1.160E+002
8.608E+001
2.871E+001
-5.307E+000
-9.351E+000
7.731E+000
4.001E+001
6.999E+001
1.354E+002
1.995E+002
2.090E+002
2.076E+002
2.321E+002
2.865E+002
3.822E+002
5.144E+002
6.452E+002
7.747E+002
9.242E+002
1.114E+003
1.378E+003
1.665E+003
2.070E+003
2.553E+003
2.696E+003
2.518E+003
2.323E+003
2.080E+003
1.774E+003
1.462E+003
1.146E+003
7.834E+002
4.520E+002
2.650E+002
1.925E+002
1.276E+002
1.296E+001
-1.072E+002
-2.175E+002
-3.146E+002
-3.521E+002
-3.208E+002
-2.993E+002
-3.217E+002
-4.004E+002
-4.681E+002
-4.841E+002
-5.140E+002
-6.197E+002
-7.162E+002
-7.856E+002
-8.398E+002
-9.291E+002
-1.034E+003
-1.121E+003
-1.204E+003
-1.269E+003
-1.291E+003
-1.282E+003
-1.188E+003
-1.071E+003
-9.228E+002
-7.547E+002
-6.058E+002
-4.522E+002
-3.772E+002
-3.193E+002
-2.840E+002
-2.878E+002
-2.202E+002
-1.049E+002
-4.175E+001
-3.988E+001
-2.029E+001
5.658E+000
3.157E+001
2.341E+001
8.067E+000
5.741E+001
1.312E+002
1.799E+002
2.062E+002
2.259E+002
2.322E+002
2.517E+002
2.712E+002
2.846E+002
2.698E+002
2.465E+002
2.517E+002
2.788E+002
3.235E+002
3.471E+002
3.556E+002
3.707E+002
4.012E+002
3.979E+002
2.810E+002
1.217E+002
2.721E+001
9.300E-002
-3.157E+001
-7.630E+001
-1.112E+002
-1.892E+002
-2.428E+002
-3.003E+002
-3.662E+002
-4.585E+002
-5.938E+002
-7.625E+002
-9.832E+002
-1.163E+003
-1.204E+003
-1.061E+003
-8.131E+002
-6.725E+002
-6.589E+002
-5.806E+002
-3.879E+002
-2.040E+002
-1.382E+002
-1.239E+002
-8.434E+001
-1.083E+001
3.908E+001
4.591E+001
3.797E+001
3.249E+001
3.665E+001
6.927E+001
9.588E+001
9.610E+001
1.048E+002
1.150E+002
1.427E+002
2.032E+002
2.905E+002
3.920E+002
4.910E+002
5.598E+002
5.805E+002
6.000E+002
6.315E+002
6.605E+002
6.697E+002
6.692E+002
5.797E+002
3.780E+002
1.974E+002
1.359E+002
1.177E+002
5.789E+001
-9.369E+000
1.229E+001
1.181E+002
1.843E+002
1.918E+002
1.665E+002
1.368E+002
6.274E+001
-6.232E+001
-1.869E+002
-2.488E+002
-2.538E+002
-2.502E+002
-2.446E+002
-2.422E+002
-2.092E+002
-1.566E+002
-1.348E+002
-1.369E+002
-1.590E+002
-2.156E+002
-2.729E+002
-3.071E+002
-3.164E+002
-3.315E+002
-3.479E+002
-3.187E+002
-2.757E+002
-2.199E+002
-1.569E+002
-1.114E+002
-6.548E+001
-2.989E+001
-1.278E+001
2.054E+001
5.377E+001
7.897E+001
1.132E+002
1.572E+002
1.942E+002
2.201E+002
2.582E+002
3.172E+002
3.564E+002
3.408E+002
3.262E+002
3.276E+002
3.241E+002
3.128E+002
3.002E+002
2.842E+002
2.820E+002
2.895E+002
3.108E+002
3.388E+002
3.481E+002
3.714E+002
3.739E+002
3.442E+002
3.046E+002
2.592E+002
1.833E+002
9.525E+001
7.461E+001
1.271E+002
1.521E+002
1.362E+002
1.621E+002
2.204E+002
2.460E+002
2.439E+002
2.269E+002
1.815E+002
1.419E+002
1.488E+002
1.464E+002
1.062E+002
7.768E+001
7.602E+001
7.898E+001
7.983E+001
6.096E+001
2.683E+001
-6.210E-001
-2.625E+001
-4.950E+001
-6.205E+001
-9.171E+001
-1.327E+002
-1.552E+002
-1.446E+002
-1.223E+002
-1.136E+002
-1.263E+002
-1.148E+002
-1.045E+002
-1.285E+002
-1.664E+002
-1.565E+002
-1.434E+002
-1.730E+002
-2.011E+002
-2.003E+002
-1.840E+002
-1.822E+002
-1.830E+002
-1.845E+002
-1.687E+002
-1.663E+002
-1.865E+002
-2.265E+002
-2.608E+002
-2.660E+002
-2.740E+002
-3.152E+002
-3.659E+002
-3.682E+002
-3.576E+002
-3.934E+002
-4.185E+002
-3.733E+002
-2.854E+002
-1.794E+002
-6.951E+001
1.149E+001
3.543E+001
4.528E+001
3.640E+001
-8.205E+000
-5.836E+001
-7.595E+001
-5.821E+001
-3.020E+001
-2.266E+001
-3.136E+001
-3.757E+001
-2.702E+001
-2.551E+001
-3.199E+001
-1.384E+001
3.088E+001
7.158E+001
1.068E+002
1.328E+002
1.564E+002
1.541E+002
1.429E+002
1.385E+002
1.365E+002
1.265E+002
1.039E+002
8.094E+001
7.945E+001
7.940E+001
1.029E+002
1.427E+002
2.003E+002
2.702E+002
3.178E+002
3.446E+002
3.612E+002
3.430E+002
2.692E+002
1.876E+002
1.507E+002
1.154E+002
4.770E+001
-3.806E+001
-8.682E+001
-7.695E+001
-5.803E+001
-4.894E+001
-5.629E+001
-6.530E+001
-6.650E+001
-7.012E+001
-7.710E+001
-7.969E+001
-6.509E+001
-4.355E+001
-2.541E+001
-3.476E+001
-5.885E+001
-8.465E+001
-1.096E+002
-1.635E+002
-2.342E+002
-2.999E+002
-3.656E+002
-4.275E+002
-4.492E+002
-4.015E+002
-3.266E+002
-3.023E+002
-3.209E+002
-3.253E+002
-3.043E+002
-2.606E+002
-1.920E+002
-1.164E+002
-5.430E+001
2.922E+000
5.400E+001
7.705E+001
5.019E+001
2.758E+001
3.857E+001
4.764E+001
4.214E+001
4.610E+001
8.176E+001
1.247E+002
1.516E+002
1.909E+002
2.428E+002
3.001E+002
3.508E+002
4.026E+002
4.560E+002
5.085E+002
5.540E+002
5.469E+002
4.958E+002
4.312E+002
3.911E+002
3.647E+002
3.365E+002
3.020E+002
2.543E+002
2.068E+002
1.653E+002
1.364E+002
1.134E+002
8.561E+001
5.743E+001
3.244E+001
2.275E+001
1.794E+001
1.202E+001
-1.134E+001
-3.229E+001
-6.087E+001
-8.338E+001
-9.446E+001
-1.055E+002
-1.249E+002
-1.406E+002
-1.478E+002
-1.491E+002
-1.562E+002
-1.701E+002
-1.764E+002
-1.785E+002
-1.827E+002
-1.991E+002
-2.174E+002
-2.235E+002
-2.209E+002
-2.119E+002
-1.844E+002
-1.371E+002
-7.492E+001
-2.109E+001
7.083E+000
7.992E+000
1.117E+001
2.040E+001
2.305E+001
2.937E+000
-1.815E+001
-3.813E+001
-6.073E+001
-9.913E+001
-1.296E+002
-1.284E+002
-1.078E+002
-9.719E+001
-8.752E+001
-7.168E+001
-7.383E+001
-1.051E+002
-1.263E+002
-1.151E+002
-1.136E+002
-1.352E+002
-1.513E+002
-1.570E+002
-1.720E+002
-1.816E+002
-1.757E+002
-1.617E+002
-1.384E+002
-1.074E+002
-8.087E+001
-5.198E+001
-1.890E+001
-1.172E+001
-1.935E+001
-1.816E+001
-9.060E+000
-9.801E+000
-2.853E+000
7.992E+000
1.103E+001
1.883E+001
3.381E+001
4.799E+001
6.250E+001
7.392E+001
8.447E+001
9.043E+001
9.608E+001
1.055E+002
1.197E+002
1.410E+002
1.612E+002
1.714E+002
1.954E+002
2.300E+002
2.628E+002
2.935E+002
3.304E+002
3.612E+002
3.788E+002
3.867E+002
3.868E+002
3.700E+002
3.269E+002
2.646E+002
2.148E+002
1.744E+002
1.436E+002
1.265E+002
1.115E+002
9.450E+001
7.025E+001
4.128E+001
1.371E+001
-8.271E+000
-1.981E+001
-2.977E+001
-4.182E+001
-5.044E+001
-6.003E+001
-6.555E+001
-7.703E+001
-9.113E+001
-1.021E+002
-1.140E+002
-1.275E+002
-1.406E+002
-1.460E+002
-1.502E+002
-1.572E+002
-1.789E+002
-2.133E+002
-2.354E+002
-2.397E+002
-2.512E+002
-2.629E+002
-2.693E+002
-2.692E+002
-2.705E+002
-2.676E+002
-2.387E+002
-1.954E+002
-1.522E+002
-1.130E+002
-6.502E+001
-2.959E+001
-2.509E+001
-3.211E+001
-3.165E+001
-2.492E+001
-2.885E+001
-4.272E+001
-4.022E+001
-2.617E+001
-1.095E+001
7.302E+000
3.715E+001
7.387E+001
1.075E+002
1.279E+002
1.320E+002
1.317E+002
1.359E+002
1.447E+002
1.438E+002
1.384E+002
1.300E+002
1.371E+002
1.543E+002
1.593E+002
1.585E+002
1.487E+002
1.135E+002
5.941E+001
1.960E+001
-1.791E+001
-4.868E+001
-6.386E+001
-6.771E+001
-7.548E+001
-8.015E+001
-8.054E+001
-9.509E+001
-1.161E+002
-1.397E+002
-1.657E+002
-1.885E+002
-2.024E+002
-2.040E+002
-1.854E+002
-1.623E+002
-1.457E+002
-1.292E+002
-1.059E+002
-8.497E+001
-7.382E+001
-6.977E+001
-7.026E+001
-6.482E+001
-4.700E+001
-2.007E+001
1.289E+001
3.407E+001
3.653E+001
3.326E+001
3.776E+001
4.704E+001
6.222E+001
8.040E+001
1.011E+002
1.141E+002
1.140E+002
1.113E+002
1.056E+002
1.033E+002
1.165E+002
1.272E+002
1.361E+002
1.605E+002
1.987E+002
2.433E+002
2.793E+002
3.005E+002
2.926E+002
2.682E+002
2.465E+002
2.148E+002
1.705E+002
1.404E+002
1.321E+002
1.078E+002
5.407E+001
9.036E+000
-2.793E+000
1.965E+000
7.953E+000
1.630E+001
1.821E+001
1.443E+001
9.180E-001
-2.191E+001
-3.778E+001
-4.601E+001
-5.920E+001
-6.961E+001
-6.412E+001
-4.825E+001
-2.633E+001
-1.257E+001
-9.297E+000
-1.476E+001
-4.153E+001
-7.843E+001
-1.094E+002
-1.388E+002
-1.664E+002
-1.795E+002
-1.775E+002
-1.675E+002
-1.727E+002
-1.697E+002
-1.511E+002
-1.298E+002
-1.148E+002
-1.006E+002
-9.105E+001
-8.453E+001
-7.368E+001
-6.802E+001
-6.021E+001
-5.206E+001
-5.465E+001
-6.330E+001
-5.519E+001
-3.515E+001
-2.829E+001
-1.515E+001
1.456E+001
3.689E+001
5.542E+001
8.490E+001
1.080E+002
1.236E+002
1.262E+002
1.167E+002
1.122E+002
1.102E+002
9.530E+001
8.161E+001
7.951E+001
7.480E+001
5.929E+001
5.392E+001
5.005E+001
3.214E+001
1.828E+001
2.747E+001
4.347E+001
5.217E+001
4.518E+001
3.636E+001
2.816E+001
1.630E+001
6.840E-001
6.990E-001
1.351E+001
2.827E+001
3.788E+001
4.554E+001
4.708E+001
2.747E+001
-3.222E+000
-3.664E+001
-6.228E+001
-7.810E+001
-9.095E+001
-9.711E+001
-9.828E+001
-1.097E+002
-1.289E+002
-1.316E+002
-1.139E+002
-1.013E+002
-9.443E+001
-9.002E+001
-9.068E+001
-8.886E+001
-9.820E+001
-9.759E+001
-8.416E+001
-7.553E+001
-7.426E+001
-6.697E+001
-6.805E+001
-7.288E+001
-8.050E+001
-8.123E+001
-7.394E+001
-6.112E+001
-4.759E+001
-2.198E+001
1.125E+000
1.102E+001
1.668E+001
3.652E+001
6.613E+001
8.696E+001
1.085E+002
1.501E+002
1.912E+002
2.136E+002
2.100E+002
2.005E+002
1.875E+002
1.671E+002
1.458E+002
1.400E+002
1.494E+002
1.576E+002
1.524E+002
1.387E+002
1.232E+002
1.097E+002
8.770E+001
6.005E+001
3.002E+001
2.322E+000
-2.605E+001
-4.583E+001
-5.117E+001
-5.295E+001
-5.551E+001
-6.319E+001
-7.046E+001
-7.496E+001
-7.766E+001
-8.017E+001
-8.912E+001
-1.004E+002
-1.001E+002
-9.890E+001
-9.942E+001
-9.761E+001
-9.981E+001
-1.150E+002
-1.422E+002
-1.507E+002
-1.486E+002
-1.535E+002
-1.589E+002
-1.519E+002
-1.500E+002
-1.290E+002
-8.840E+001
-5.865E+001
-4.267E+001
-3.289E+001
-3.188E+001
-2.722E+001
-2.012E+001
-1.012E+001
-3.429E+000
3.930E-001
-5.070E-001
8.862E+000
3.029E+001
5.695E+001
7.088E+001
7.366E+001
7.862E+001
9.570E+001
1.159E+002
1.397E+002
1.735E+002
2.189E+002
2.356E+002
2.413E+002
2.522E+002
2.483E+002
2.165E+002
1.853E+002
1.655E+002
1.465E+002
1.293E+002
1.198E+002
1.055E+002
7.552E+001
3.769E+001
4.194E+000
-1.930E+001
-4.378E+001
-5.972E+001
-7.079E+001
-6.749E+001
-6.222E+001
-7.155E+001
-8.472E+001
-8.424E+001
-8.141E+001
-9.158E+001
-1.019E+002
-1.040E+002
-1.077E+002
-1.241E+002
-1.383E+002
-1.353E+002
-1.319E+002
-1.390E+002
-1.379E+002
-1.231E+002
-1.086E+002
-9.936E+001
-8.240E+001
-5.881E+001
-4.489E+001
-2.994E+001
-6.855E+000
5.682E+000
4.989E+000
4.131E+000
2.922E+001
6.811E+001
9.916E+001
1.217E+002
1.430E+002
1.641E+002
1.752E+002
1.686E+002
1.574E+002
1.505E+002
1.491E+002
1.401E+002
1.241E+002
9.565E+001
5.172E+001
6.738E+000
-1.767E+001
-1.756E+001
-9.426E+000
-1.131E+001
-2.870E+001
-4.124E+001
-3.761E+001
-3.872E+001
-4.978E+001
-5.464E+001
-4.452E+001
-3.947E+001
-4.281E+001
-4.215E+001
-4.054E+001
-5.252E+001
-6.280E+001
-6.171E+001
-6.338E+001
-7.045E+001
-7.378E+001
-7.211E+001
-7.385E+001
-7.170E+001
-5.626E+001
-4.440E+001
-4.977E+001
-5.687E+001
-3.905E+001
-1.676E+001
-1.153E+001
-9.999E+000
-3.162E+000
9.147E+000
2.683E+001
3.618E+001
3.116E+001
2.333E+001
2.581E+001
2.741E+001
3.514E+001
4.560E+001
5.271E+001
6.416E+001
8.173E+001
8.450E+001
7.516E+001
7.461E+001
7.669E+001
7.021E+001
5.777E+001
5.461E+001
5.246E+001
4.496E+001
3.555E+001
3.549E+001
2.968E+001
1.883E+001
1.508E+001
6.780E+000
-1.301E+001
-3.189E+001
-4.846E+001
-6.575E+001
-8.320E+001
-9.709E+001
-9.925E+001
-8.966E+001
-7.228E+001
-5.834E+001
-4.960E+001
-4.996E+001
-5.477E+001
-6.793E+001
-7.839E+001
-9.039E+001
-9.936E+001
-9.564E+001
-8.582E+001
-7.369E+001
-5.641E+001
-3.704E+001
-2.772E+001
-2.302E+001
-1.627E+001
-6.687E+000
5.046E+000
9.936E+000
1.574E+001
3.467E+001
6.088E+001
7.961E+001
8.577E+001
9.054E+001
9.636E+001
9.673E+001
9.196E+001
8.023E+001
6.680E+001
5.219E+001
3.601E+001
2.332E+001
1.688E+001
1.286E+001
1.756E+001
3.001E+001
3.515E+001
2.460E+001
8.181E+000
6.051E+000
1.152E+000
-1.711E+001
-3.478E+001
-4.625E+001
-5.704E+001
-7.046E+001
-7.900E+001
-7.586E+001
-7.106E+001
-7.586E+001
-8.899E+001
-1.066E+002
-1.193E+002
-1.263E+002
-1.249E+002
-1.169E+002
-1.141E+002
-1.130E+002
-1.105E+002
-1.017E+002
-8.564E+001
-6.590E+001
-5.031E+001
-3.677E+001
-3.173E+001
-2.995E+001
-2.507E+001
-1.776E+001
-1.312E+001
-6.945E+000
1.251E+001
3.757E+001
5.824E+001
7.703E+001
1.152E+002
1.619E+002
2.049E+002
2.533E+002
3.008E+002
3.391E+002
3.513E+002
3.355E+002
2.951E+002
2.503E+002
2.150E+002
1.887E+002
1.754E+002
1.722E+002
1.549E+002
1.234E+002
9.134E+001
6.910E+001
5.066E+001
3.459E+001
1.467E+001
-7.800E-001
-1.194E+001
-2.607E+001
-4.214E+001
-5.437E+001
-5.777E+001
-5.951E+001
-6.105E+001
-6.540E+001
-8.091E+001
-1.065E+002
-1.328E+002
-1.620E+002
-1.913E+002
-2.139E+002
-2.214E+002
-2.261E+002
-2.285E+002
-2.251E+002
-2.096E+002
-1.941E+002
-1.874E+002
-1.782E+002
-1.635E+002
-1.380E+002
-1.049E+002
-7.835E+001
-5.849E+001
-4.485E+001
-3.393E+001
-2.749E+001
-2.452E+001
-2.010E+001
-1.363E+001
-5.883E+000
3.813E+000
1.753E+001
3.891E+001
5.819E+001
7.235E+001
8.467E+001
9.956E+001
1.130E+002
1.207E+002
1.245E+002
1.290E+002
1.328E+002
1.403E+002
1.403E+002
1.267E+002
1.109E+002
9.934E+001
7.919E+001
4.944E+001
2.298E+001
1.491E+001
1.682E+001
2.894E+001
3.957E+001
4.442E+001
4.734E+001
4.737E+001
3.134E+001
3.474E+000
-2.971E+001
-6.040E+001
-8.106E+001
-9.110E+001
-9.099E+001
-9.401E+001
-9.879E+001
-9.764E+001
-8.702E+001
-6.363E+001
-3.764E+001
-3.339E+001
-3.849E+001
-3.622E+001
-2.499E+001
-4.299E+000
-3.340E+001
-3.216E+001
-4.590E-001
1.440E+001
-1.212E+001
-2.222E+001
3.660E+000
4.347E+000
-1.377E+001
8.430E+000
3.534E+001
4.498E+001
4.847E+001
6.672E+001
7.332E+001
6.421E+001
6.359E+001
7.894E+001
8.254E+001
7.787E+001
8.008E+001
8.992E+001
8.228E+001
7.695E+001
7.971E+001
9.063E+001
9.156E+001
9.650E+001
9.439E+001
9.241E+001
8.314E+001
6.612E+001
6.169E+001
5.566E+001
3.848E+001
2.069E+001
8.205E+000
-5.313E+000
-1.971E+001
-2.819E+001
-3.206E+001
-2.583E+001
-2.160E+001
-1.686E+001
-2.190E+001
-2.312E+001
-9.015E+000
-1.378E+001
-5.727E+001
-6.546E+001
-6.913E+001
-9.281E+001
-1.207E+002
-1.291E+002
-1.267E+002
-1.361E+002
-1.499E+002
-1.355E+002
-1.123E+002
-1.131E+002
-1.197E+002
-1.144E+002
-9.497E+001
-8.541E+001
-9.703E+001
-9.794E+001
-8.321E+001
-8.313E+001
-8.351E+001
-7.259E+001
-6.333E+001
-5.256E+001
-3.841E+001
-4.255E+001
-4.577E+001
-2.882E+001
-2.293E+001
-4.232E+001
-4.548E+001
-2.028E+001
-1.118E+001
-3.205E+001
-4.282E+001
-1.677E+001
1.410E-001
9.360E-001
9.867E+000
2.620E+001
4.569E+001
6.421E+001
7.339E+001
7.008E+001
7.087E+001
8.834E+001
1.147E+002
1.476E+002
1.765E+002
1.957E+002
2.098E+002
2.038E+002
1.661E+002
1.262E+002
1.082E+002
1.111E+002
1.178E+002
1.186E+002
1.151E+002
1.071E+002
8.051E+001
5.038E+001
3.176E+001
1.519E+001
4.029E+000
-4.545E+000
-1.463E+001
-1.839E+001
-1.148E+001
-2.061E+001
-4.079E+001
-6.119E+001
-6.965E+001
-6.573E+001
-5.674E+001
-5.251E+001
-5.334E+001
-6.251E+001
-7.518E+001
-7.540E+001
-7.031E+001
-6.363E+001
-5.101E+001
-3.205E+001
-1.169E+001
4.896E+000
1.621E+001
3.482E+001
5.493E+001
7.400E+001
8.653E+001
1.017E+002
1.149E+002
1.253E+002
1.278E+002
1.152E+002
9.077E+001
5.888E+001
2.325E+001
-6.153E+000
-2.433E+001
-3.449E+001
-4.507E+001
-5.607E+001
-6.542E+001
-7.153E+001
-7.878E+001
-8.350E+001
-8.590E+001
-9.059E+001
-1.017E+002
-1.063E+002
-1.044E+002
-1.031E+002
-1.026E+002
-1.040E+002
-1.022E+002
-1.060E+002
-1.164E+002
-1.185E+002
-1.128E+002
-1.142E+002
-1.145E+002
-9.668E+001
-7.495E+001
-5.754E+001
-3.811E+001
-1.598E+001
-5.535E+000
2.571E+000
1.297E+001
1.842E+001
1.897E+001
2.230E+001
3.211E+001
3.645E+001
3.046E+001
2.702E+001
3.031E+001
3.546E+001
3.874E+001
4.145E+001
3.800E+001
3.616E+001
4.868E+001
6.630E+001
8.022E+001
9.917E+001
1.164E+002
1.255E+002
1.318E+002
1.399E+002
1.392E+002
1.221E+002
9.703E+001
7.493E+001
5.455E+001
3.457E+001
2.081E+001
9.954E+000
-3.663E+000
-1.208E+001
-1.255E+001
-1.549E+001
-1.725E+001
-1.090E+001
-8.157E+000
-1.453E+001
-2.678E+001
-3.687E+001
-4.489E+001
-4.960E+001
-4.678E+001
-3.534E+001
-2.988E+001
-2.373E+001
-1.319E+001
-1.218E+001
-1.633E+001
-7.503E+000
1.067E+001
1.125E+001
8.904E+000
1.694E+001
1.833E+001
1.377E+001
1.308E+001
2.268E+001
2.280E+001
2.430E+001
3.184E+001
3.303E+001
2.978E+001
2.975E+001
3.561E+001
3.003E+001
1.937E+001
8.400E+000
-6.561E+000
-2.199E+001
-2.604E+001
-2.252E+001
-1.852E+001
-1.086E+001
-5.160E-001
1.357E+001
2.670E+001
3.510E+001
3.935E+001
3.394E+001
2.368E+001
2.409E+001
3.119E+001
2.641E+001
1.730E+001
1.885E+001
1.928E+001
1.646E+001
1.114E+001
1.001E+001
1.447E+001
2.468E+001
3.151E+001
3.589E+001
4.823E+001
5.847E+001
5.251E+001
4.078E+001
3.071E+001
1.384E+001
-8.265E+000
-1.913E+001
-2.729E+001
-3.769E+001
-4.529E+001
-4.922E+001
-5.932E+001
-6.778E+001
-7.359E+001
-7.889E+001
-8.595E+001
-9.153E+001
-9.797E+001
-1.008E+002
-1.009E+002
-1.037E+002
-1.122E+002
-1.158E+002
-1.135E+002
-1.165E+002
-1.188E+002
-1.103E+002
-9.232E+001
-7.332E+001
-3.011E+001