-5.11771E-004
-2.44959E-003
-5.98233E-003
-1.05943E-002
-1.56774E-002
-2.08652E-002
-2.63669E-002
-3.24367E-002
-3.86765E-002
-4.41570E-002
-4.78371E-002
-4.93599E-002
-4.97053E-002
-5.04652E-002
-5.25291E-002
-5.55767E-002
-5.87285E-002
-6.08644E-002
-6.02951E-002
-5.51599E-002
-4.50888E-002
-3.24375E-002
-2.14283E-002
-1.48936E-002
-1.14368E-002
-6.44032E-003
3.86110E-003
1.84182E-002
3.32637E-002
4.50041E-002
4.92797E-002
4.02635E-002
1.38318E-002
-2.80702E-002
-7.69202E-002
-1.23209E-001
-1.60377E-001
-1.84781E-001
-1.94541E-001
-1.88355E-001
-1.64537E-001
-1.21220E-001
-5.74603E-002
2.73955E-002
1.33394E-001
2.55873E-001
3.83344E-001
5.01279E-001
5.96203E-001
6.59297E-001
6.89228E-001
6.90336E-001
6.69938E-001
6.36963E-001
5.98680E-001
5.57474E-001
5.10911E-001
4.54334E-001
3.83687E-001
2.92478E-001
1.68763E-001
7.21062E-003
-1.80117E-001
-3.71891E-001
-5.45909E-001
-6.80345E-001
-7.55647E-001
-7.57127E-001
-6.77567E-001
-5.17759E-001
-2.84472E-001
1.25047E-002
3.61380E-001
7.43631E-001
1.13028E+000
1.48744E+000
1.78389E+000
1.99341E+000
2.09632E+000
2.08598E+000
1.97312E+000
1.77564E+000
1.49191E+000
1.09091E+000
5.49649E-001
-1.16273E-001
-8.65354E-001
-1.64082E+000
-2.37351E+000
-2.99395E+000
-3.44626E+000
-3.69944E+000
-3.74932E+000
-3.61005E+000
-3.30191E+000
-2.84001E+000
-2.23043E+000
-1.47857E+000
-6.03541E-001
3.52898E-001
1.32939E+000
2.25801E+000
3.07986E+000
3.75605E+000
4.26842E+000
4.61251E+000
4.79083E+000
4.80328E+000
4.63726E+000
4.25671E+000
3.59658E+000
2.61892E+000
1.37156E+000
-4.00124E-002
-1.48865E+000
-2.83482E+000
-3.94553E+000
-4.71747E+000
-5.09229E+000
-5.05849E+000
-4.63999E+000
-3.87719E+000
-2.85868E+000
-1.72324E+000
-5.72383E-001
5.33690E-001
1.53100E+000
2.36155E+000
2.98445E+000
3.36085E+000
3.45323E+000
3.25102E+000
2.76676E+000
2.02399E+000
1.07023E+000
-1.07794E-002
-1.10553E+000
-2.09559E+000
-2.88672E+000
-3.42571E+000
-3.70085E+000
-3.73161E+000
-3.55058E+000
-3.18842E+000
-2.66850E+000
-2.01145E+000
-1.24666E+000
-4.16152E-001
4.30932E-001
1.24343E+000
1.97195E+000
2.56591E+000
2.96913E+000
3.13990E+000
3.07400E+000
2.79631E+000
2.34684E+000
1.77655E+000
1.14344E+000
5.08165E-001
-8.20448E-002
-6.07117E-001
-1.05540E+000
-1.40583E+000
-1.63422E+000
-1.71595E+000
-1.62441E+000
-1.35640E+000
-9.66042E-001
-5.31025E-001
-1.02394E-001
2.86252E-001
6.12767E-001
8.66371E-001
1.02804E+000
1.08270E+000
1.03614E+000
8.93335E-001
6.50150E-001
3.13851E-001
-8.06698E-002
-4.81627E-001
-8.40315E-001
-1.11732E+000
-1.29507E+000
-1.38136E+000
-1.39055E+000
-1.32550E+000
-1.17303E+000
-9.19257E-001
-5.70984E-001
-1.61179E-001
2.63487E-001
6.59406E-001
9.93696E-001
1.24960E+000
1.43090E+000
1.55706E+000
1.65244E+000
1.72315E+000
1.73682E+000
1.64945E+000
1.44429E+000
1.12843E+000
7.21218E-001
2.61503E-001
-1.92806E-001
-5.85789E-001
-8.82012E-001
-1.06838E+000
-1.14503E+000
-1.11276E+000
-9.65380E-001
-6.91299E-001
-2.85266E-001
2.37868E-001
8.39572E-001
1.46131E+000
2.01400E+000
2.39541E+000
2.55147E+000
2.48795E+000
2.22774E+000
1.78573E+000
1.17629E+000
4.26974E-001
-4.16135E-001
-1.29485E+000
-2.14607E+000
-2.89799E+000
-3.46861E+000
-3.77701E+000
-3.76376E+000
-3.40759E+000
-2.74656E+000
-1.88334E+000
-9.30467E-001
3.91384E-002
9.81962E-001
1.86661E+000
2.66910E+000
3.36827E+000
3.94315E+000
4.33369E+000
4.43052E+000
4.16148E+000
3.53127E+000
2.59450E+000
1.44046E+000
1.65898E-001
-1.13553E+000
-2.36489E+000
-3.44063E+000
-4.31395E+000
-4.95141E+000
-5.31639E+000
-5.36517E+000
-5.06967E+000
-4.44446E+000
-3.54599E+000
-2.46055E+000
-1.28963E+000
-1.25571E-001
9.65050E-001
1.94137E+000
2.75549E+000
3.34052E+000
3.65037E+000
3.66570E+000
3.38559E+000
2.84163E+000
2.10222E+000
1.26275E+000
4.17822E-001
-3.67992E-001
-1.06544E+000
-1.66353E+000
-2.14841E+000
-2.49467E+000
-2.66447E+000
-2.61353E+000
-2.30816E+000
-1.74383E+000
-9.61009E-001
-5.01093E-002
8.69816E-001
1.69250E+000
2.35326E+000
2.82670E+000
3.10931E+000
3.20231E+000
3.10381E+000
2.81356E+000
2.33840E+000
1.69482E+000
9.17141E-001
6.45033E-002
-7.84510E-001
-1.54619E+000
-2.14857E+000
-2.54816E+000
-2.73805E+000
-2.73871E+000
-2.57677E+000
-2.26811E+000
-1.82009E+000
-1.24977E+000
-5.95365E-001
9.38584E-002
7.68592E-001
1.38052E+000
1.88727E+000
2.25601E+000
2.46321E+000
2.49872E+000
2.36817E+000
2.08867E+000
1.68106E+000
1.16664E+000
5.73130E-001
-5.84109E-002
-6.75987E-001
-1.22705E+000
-1.66957E+000
-1.98028E+000
-2.15484E+000
-2.19715E+000
-2.11031E+000
-1.89976E+000
-1.57725E+000
-1.16066E+000
-6.71988E-001
-1.39825E-001
3.94542E-001
8.85581E-001
1.29495E+000
1.59300E+000
1.76145E+000
1.79677E+000
1.70860E+000
1.51475E+000
1.23696E+000
9.00220E-001
5.34833E-001
1.68216E-001
-1.87170E-001
-5.23354E-001
-8.22416E-001
-1.06153E+000
-1.22287E+000
-1.29892E+000
-1.29250E+000
-1.21104E+000
-1.06168E+000
-8.52516E-001
-5.96480E-001
-3.09653E-001
-5.88058E-003
3.01865E-001
5.94244E-001
8.45431E-001
1.03111E+000
1.13296E+000
1.13876E+000
1.04810E+000
8.77039E-001
6.51961E-001
4.00598E-001
1.45819E-001
-9.83654E-002
-3.26036E-001
-5.30354E-001
-6.95504E-001
-7.99598E-001
-8.27293E-001
-7.78990E-001
-6.65562E-001
-5.02645E-001
-3.09497E-001
-1.05711E-001
9.24352E-002
2.76624E-001
4.47204E-001
6.07701E-001
7.56458E-001
8.81485E-001
9.66149E-001
9.99960E-001
9.79000E-001
9.02737E-001
7.77752E-001
6.12993E-001
4.13670E-001
1.84525E-001
-6.88682E-002
-3.38120E-001
-6.08318E-001
-8.58171E-001
-1.06204E+000
-1.19109E+000
-1.22620E+000
-1.17395E+000
-1.05778E+000
-8.98982E-001
-7.11630E-001
-5.07301E-001
-2.96094E-001
-8.53162E-002
1.18366E-001
3.05535E-001
4.61516E-001
5.68013E-001
6.10578E-001
5.86329E-001
5.05833E-001
3.90259E-001
2.64081E-001
1.46102E-001
4.55005E-002
-3.63909E-002
-1.02087E-001
-1.53658E-001
-1.90762E-001
-2.11160E-001
-2.10680E-001
-1.84786E-001
-1.41937E-001
-1.12014E-001
-1.27202E-001
-2.02412E-001
-3.34702E-001
-5.08861E-001
-7.00447E-001
-8.79015E-001
-1.01536E+000
-1.08904E+000
-1.09200E+000
-1.02812E+000
-9.10012E-001
-7.52342E-001
-5.63037E-001
-3.41646E-001
-9.11327E-002
1.74042E-001
4.36262E-001
6.82821E-001
9.06286E-001
1.10549E+000
1.28605E+000
1.42601E+000
1.46817E+000
1.38291E+000
1.17952E+000
8.69217E-001
4.61870E-001
-1.26382E-002
-5.03116E-001
-9.59976E-001
-1.34496E+000
-1.62854E+000
-1.78780E+000
-1.80025E+000
-1.64861E+000
-1.34124E+000
-9.08264E-001
-3.85546E-001
1.75505E-001
7.05992E-001
1.13951E+000
1.42839E+000
1.55033E+000
1.50957E+000
1.33234E+000
1.05430E+000
7.12697E-001
3.48742E-001
1.08368E-002
-2.69620E-001
-4.98088E-001
-6.84571E-001
-8.24457E-001
-9.11707E-001
-9.39874E-001
-8.94904E-001
-7.67218E-001
-5.75853E-001
-3.53819E-001
-1.22414E-001
9.86658E-002
2.86413E-001
4.29735E-001
5.37306E-001
6.29710E-001
7.24490E-001
8.22844E-001
9.04606E-001
9.37416E-001
8.95734E-001
7.71979E-001
5.70736E-001
3.10756E-001
2.89211E-002
-2.33832E-001
-4.49612E-001
-6.11630E-001
-7.24796E-001
-7.92595E-001
-8.18700E-001
-8.10172E-001
-7.72170E-001
-7.03329E-001
-5.99091E-001
-4.56737E-001
-2.76385E-001
-6.08308E-002
1.85450E-001
4.52756E-001
7.17853E-001
9.44343E-001
1.09536E+000
1.14926E+000
1.09682E+000
9.29083E-001
6.52136E-001
3.02202E-001
-7.06476E-002
-4.21492E-001
-7.17232E-001
-9.37930E-001
-1.07730E+000
-1.13984E+000
-1.13306E+000
-1.06465E+000
-9.42614E-001
-7.74742E-001
-5.72316E-001
-3.52922E-001
-1.39028E-001
4.78356E-002
1.94114E-001
2.94734E-001
3.52768E-001
3.76600E-001
3.74316E-001
3.52494E-001
3.09881E-001
2.38783E-001
1.39777E-001
2.44298E-002
-8.79862E-002
-1.72736E-001
-2.12350E-001
-2.09045E-001
-1.82215E-001
-1.56752E-001
-1.49764E-001
-1.63687E-001
-1.87453E-001
-2.00073E-001
-1.79228E-001
-1.17826E-001
-3.36433E-002
4.06535E-002
7.31547E-002
4.52238E-002
-4.08841E-002
-1.63624E-001
-2.90882E-001
-3.92482E-001
-4.54513E-001
-4.86172E-001
-5.10533E-001
-5.52743E-001
-6.26952E-001
-7.23490E-001
-8.15454E-001
-8.74218E-001
-8.79508E-001
-8.24463E-001
-7.14329E-001
-5.60894E-001
-3.76395E-001
-1.68840E-001
5.92075E-002
3.07656E-001
5.74271E-001
8.49857E-001
1.11650E+000
1.35198E+000
1.53699E+000
1.66237E+000
1.73249E+000
1.76073E+000
1.75534E+000
1.70211E+000
1.56931E+000
1.32810E+000
9.66712E-001
4.99627E-001
-3.96149E-002
-6.11629E-001
-1.17247E+000
-1.67587E+000
-2.08365E+000
-2.37403E+000
-2.54033E+000
-2.58430E+000
-2.50821E+000
-2.31159E+000
-1.99729E+000
-1.58070E+000
-1.09335E+000
-5.76418E-001
-6.55737E-002
4.17415E-001
8.56236E-001
1.23508E+000
1.54133E+000
1.75872E+000
1.86846E+000
1.86240E+000
1.74372E+000
1.52183E+000
1.21302E+000
8.41798E-001
4.40376E-001
4.28472E-002
-3.26360E-001
-6.52792E-001
-9.22293E-001
-1.12111E+000
-1.23847E+000
-1.26646E+000
-1.20419E+000
-1.05909E+000
-8.44499E-001
-5.78172E-001
-2.82556E-001
1.56359E-002
2.90948E-001
5.25916E-001
7.12060E-001
8.47355E-001
9.33375E-001
9.72500E-001
9.67870E-001
9.23286E-001
8.39828E-001
7.15100E-001
5.49635E-001
3.53160E-001
1.44331E-001
-5.34887E-002
-2.17814E-001
-3.30248E-001
-3.78218E-001
-3.57627E-001
-2.76619E-001
-1.58308E-001
-3.12974E-002
8.25878E-002
1.68575E-001
2.17740E-001
2.28920E-001
2.07925E-001
1.64158E-001
1.13167E-001
6.85880E-002
2.31640E-002
-3.68364E-002
-1.08050E-001
-1.75572E-001
-2.26486E-001
-2.61057E-001
-2.93346E-001
-3.30414E-001
-3.61286E-001
-3.74561E-001
-3.69630E-001
-3.51540E-001
-3.24469E-001
-2.88111E-001
-2.41270E-001
-1.88399E-001
-1.37700E-001
-9.40794E-002
-5.59670E-002
-1.44200E-002
4.23317E-002
1.22907E-001
2.32431E-001
3.61526E-001
4.77430E-001
5.40243E-001
5.23708E-001
4.24275E-001
2.55541E-001
4.00707E-002
-1.92137E-001
-4.07590E-001
-5.77447E-001
-6.83383E-001
-7.22139E-001
-7.12435E-001
-6.82325E-001
-6.45424E-001
-6.01240E-001
-5.42903E-001
-4.59620E-001
-3.39002E-001
-1.70649E-001
4.72123E-002
3.09733E-001
6.04015E-001
9.02039E-001
1.16391E+000
1.34882E+000
1.42814E+000
1.39354E+000
1.25778E+000
1.04747E+000
7.93847E-001
5.20893E-001
2.38945E-001
-4.75174E-002
-3.33366E-001
-6.08619E-001
-8.57847E-001
-1.06259E+000
-1.20144E+000
-1.25627E+000
-1.22363E+000
-1.11777E+000
-9.60283E-001
-7.69946E-001
-5.60173E-001
-3.36463E-001
-9.83198E-002
1.52788E-001
4.09394E-001
6.55178E-001
8.59001E-001
9.82125E-001
1.00286E+000
9.28086E-001
7.81207E-001
5.91108E-001
3.83933E-001
1.74117E-001
-3.44341E-002
-2.39795E-001
-4.33350E-001
-5.97864E-001
-7.10232E-001
-7.46358E-001
-6.92766E-001
-5.56492E-001
-3.64265E-001
-1.53883E-001
3.80119E-002
1.87681E-001
2.90989E-001
3.62844E-001
4.23458E-001
4.78642E-001
5.14700E-001
5.08276E-001
4.41469E-001
3.12798E-001
1.39407E-001
-4.97058E-002
-2.25540E-001
-3.63793E-001
-4.47247E-001
-4.70968E-001
-4.41835E-001
-3.72720E-001
-2.74822E-001
-1.51211E-001
2.27749E-003
1.88311E-001
3.94770E-001
5.88919E-001
7.31302E-001
7.91627E-001
7.58016E-001
6.41774E-001
4.67983E-001
2.65037E-001
5.79779E-002
-1.39799E-001
-3.27500E-001
-5.07938E-001
-6.77567E-001
-8.24255E-001
-9.28131E-001
-9.66091E-001
-9.22876E-001
-7.99239E-001
-6.13491E-001
-3.98053E-001
-1.86096E-001
4.34927E-003
1.72576E-001
3.28916E-001
4.85923E-001
6.48286E-001
8.05251E-001
9.29438E-001
9.83320E-001
9.34164E-001
7.75227E-001
5.29614E-001
2.36114E-001
-6.18593E-002
-3.24683E-001
-5.29188E-001
-6.70973E-001
-7.51662E-001
-7.75242E-001
-7.48570E-001
-6.74717E-001
-5.51571E-001
-3.79418E-001
-1.69771E-001
5.26310E-002
2.56392E-001
4.15785E-001
5.20045E-001
5.72793E-001
5.84085E-001
5.59919E-001
5.00063E-001
4.02579E-001
2.66189E-001
9.43448E-002
-1.01709E-001
-3.03645E-001
-4.88102E-001
-6.31421E-001
-7.18624E-001
-7.50121E-001
-7.34512E-001
-6.76782E-001
-5.74830E-001
-4.20292E-001
-2.05304E-001
6.70288E-002
3.78057E-001
6.93881E-001
9.71038E-001
1.16841E+000
1.25888E+000
1.23673E+000
1.11706E+000
9.27017E-001
6.95807E-001
4.45297E-001
1.84515E-001
-8.61048E-002
-3.66136E-001
-6.49640E-001
-9.21425E-001
-1.15615E+000
-1.32510E+000
-1.40572E+000
-1.38644E+000
-1.26967E+000
-1.07300E+000
-8.23600E-001
-5.48804E-001
-2.69658E-001
-1.08592E-003
2.43742E-001
4.50345E-001
6.05147E-001
6.98495E-001
7.24835E-001
6.83038E-001
5.77546E-001
4.19498E-001
2.26504E-001
2.30107E-002
-1.60571E-001
-2.96897E-001
-3.70753E-001
-3.78702E-001
-3.25565E-001
-2.25797E-001
-1.01871E-001
2.42350E-002
1.36150E-001
2.25681E-001
2.92640E-001
3.41059E-001
3.75492E-001
3.98754E-001
4.08889E-001
3.97243E-001
3.53843E-001
2.76846E-001
1.76064E-001
6.69649E-002
-3.67990E-002
-1.27938E-001
-2.05714E-001
-2.70413E-001
-3.18664E-001
-3.45977E-001
-3.51740E-001
-3.39678E-001
-3.13841E-001
-2.74720E-001
-2.20890E-001
-1.54829E-001
-8.34055E-002
-1.24121E-002
5.64781E-002
1.24224E-001
1.90955E-001
2.53460E-001
3.05594E-001
3.41462E-001
3.58901E-001
3.60676E-001
3.52826E-001
3.41892E-001
3.31951E-001
3.21462E-001
3.03590E-001
2.70331E-001
2.15559E-001
1.39029E-001
4.94977E-002
-4.31238E-002
-1.36687E-001
-2.33539E-001
-3.33623E-001
-4.32769E-001
-5.22734E-001
-5.89366E-001
-6.14978E-001
-5.87957E-001
-5.09084E-001
-3.87985E-001
-2.40518E-001
-9.00639E-002
3.72550E-002
1.25901E-001
1.80587E-001
2.18338E-001
2.53041E-001
2.88842E-001
3.21840E-001
3.44542E-001
3.50631E-001
3.36814E-001
3.00683E-001
2.39836E-001
1.55926E-001
5.63831E-002
-5.15136E-002
-1.64537E-001
-2.80008E-001
-3.90311E-001
-4.80951E-001
-5.33823E-001
-5.33618E-001
-4.75520E-001
-3.68150E-001
-2.28641E-001
-7.72017E-002
6.65124E-002
1.86432E-001
2.74132E-001
3.32023E-001
3.69566E-001
3.97748E-001
4.23725E-001
4.44147E-001
4.46224E-001
4.17093E-001
3.49879E-001
2.43840E-001
1.04718E-001
-5.54054E-002
-2.21547E-001
-3.80257E-001
-5.22669E-001
-6.43638E-001
-7.39219E-001
-8.06083E-001
-8.39063E-001
-8.28956E-001
-7.66101E-001
-6.47054E-001
-4.78917E-001
-2.78367E-001
-6.70105E-002
1.36132E-001