-5.05818E-004
-2.38752E-003
-5.66743E-003
-9.55301E-003
-1.31440E-002
-1.60150E-002
-1.87305E-002
-2.21889E-002
-2.64980E-002
-3.07127E-002
-3.33191E-002
-3.35747E-002
-3.27045E-002
-3.31121E-002
-3.62799E-002
-4.14034E-002
-4.60156E-002
-4.73926E-002
-4.36601E-002
-3.47623E-002
-2.32228E-002
-1.35459E-002
-9.82998E-003
-1.23093E-002
-1.58392E-002
-1.30971E-002
-5.23978E-004
1.74393E-002
3.21928E-002
3.77958E-002
3.18783E-002
1.46065E-002
-1.16386E-002
-4.19094E-002
-6.98718E-002
-9.18401E-002
-1.07399E-001
-1.16662E-001
-1.18472E-001
-1.10501E-001
-9.02708E-002
-5.66744E-002
-1.09363E-002
4.55041E-002
1.12570E-001
1.88450E-001
2.66887E-001
3.39218E-001
3.96850E-001
4.34209E-001
4.51723E-001
4.54101E-001
4.47213E-001
4.36305E-001
4.23258E-001
4.05097E-001
3.76217E-001
3.32248E-001
2.72464E-001
1.94948E-001
9.17750E-002
-3.92990E-002
-1.83134E-001
-3.15373E-001
-4.13799E-001
-4.64112E-001
-4.63533E-001
-4.18947E-001
-3.40413E-001
-2.33756E-001
-9.71987E-002
7.55937E-002
2.87819E-001
5.29618E-001
7.75772E-001
9.97308E-001
1.17413E+000
1.29666E+000
1.36045E+000
1.36429E+000
1.31116E+000
1.20209E+000
1.01859E+000
7.21888E-001
2.95608E-001
-2.24807E-001
-7.74323E-001
-1.28558E+000
-1.70694E+000
-2.01652E+000
-2.21940E+000
-2.33179E+000
-2.36260E+000
-2.30482E+000
-2.14271E+000
-1.86452E+000
-1.47021E+000
-9.72501E-001
-3.93701E-001
2.38100E-001
8.90310E-001
1.52528E+000
2.10193E+000
2.58230E+000
2.93909E+000
3.16019E+000
3.24989E+000
3.21959E+000
3.07220E+000
2.78463E+000
2.29949E+000
1.58372E+000
6.90995E-001
-2.69760E-001
-1.18426E+000
-1.95783E+000
-2.53518E+000
-2.90153E+000
-3.06362E+000
-3.02774E+000
-2.79079E+000
-2.34662E+000
-1.74471E+000
-1.09912E+000
-4.83199E-001
9.76082E-002
6.60591E-001
1.22181E+000
1.76263E+000
2.19712E+000
2.40045E+000
2.29311E+000
1.88193E+000
1.24522E+000
4.98167E-001
-2.49635E-001
-9.21881E-001
-1.47701E+000
-1.89340E+000
-2.15688E+000
-2.26377E+000
-2.23276E+000
-2.10311E+000
-1.91421E+000
-1.68062E+000
-1.38389E+000
-9.92756E-001
-4.92410E-001
9.76136E-002
7.23452E-001
1.31403E+000
1.79688E+000
2.10466E+000
2.19607E+000
2.07645E+000
1.78825E+000
1.39515E+000
9.69490E-001
5.74457E-001
2.48614E-001
-9.12569E-003
-2.37504E-001
-4.71669E-001
-7.08851E-001
-9.13973E-001
-1.03711E+000
-1.03076E+000
-8.84814E-001
-6.54544E-001
-4.10838E-001
-1.77405E-001
5.56029E-002
3.02240E-001
5.53642E-001
7.51098E-001
8.22529E-001
7.41804E-001
5.35548E-001
2.64188E-001
-2.59967E-003
-2.15852E-001
-3.70818E-001
-4.97847E-001
-6.20775E-001
-7.37880E-001
-8.29585E-001
-8.70858E-001
-8.44123E-001
-7.43385E-001
-5.74796E-001
-3.56109E-001
-1.10569E-001
1.41423E-001
3.86065E-001
6.11602E-001
8.07454E-001
9.68357E-001
1.09389E+000
1.18586E+000
1.23520E+000
1.21035E+000
1.08683E+000
8.80193E-001
6.28296E-001
3.62292E-001
1.03461E-001
-1.31893E-001
-3.33845E-001
-4.95936E-001
-6.08296E-001
-6.57343E-001
-6.31037E-001
-5.23854E-001
-3.36805E-001
-7.62901E-002
2.45397E-001
6.10361E-001
9.91589E-001
1.33064E+000
1.54764E+000
1.60385E+000
1.51847E+000
1.32576E+000
1.04151E+000
6.62953E-001
1.87427E-001
-3.65652E-001
-9.47660E-001
-1.49263E+000
-1.93461E+000
-2.22479E+000
-2.33963E+000
-2.27508E+000
-2.03305E+000
-1.63128E+000
-1.12297E+000
-5.67537E-001
2.64937E-003
5.72272E-001
1.13250E+000
1.67699E+000
2.19089E+000
2.64409E+000
2.95864E+000
3.01432E+000
2.75040E+000
2.20744E+000
1.48291E+000
6.85847E-001
-1.12729E-001
-8.86102E-001
-1.61202E+000
-2.25932E+000
-2.79073E+000
-3.16511E+000
-3.35117E+000
-3.33840E+000
-3.14277E+000
-2.79780E+000
-2.32790E+000
-1.74142E+000
-1.04950E+000
-2.81486E-001
5.10577E-001
1.25971E+000
1.87908E+000
2.27938E+000
2.42464E+000
2.33508E+000
2.05929E+000
1.66167E+000
1.20634E+000
7.44283E-001
3.01709E-001
-1.22616E-001
-5.39731E-001
-9.45382E-001
-1.30812E+000
-1.58020E+000
-1.71507E+000
-1.67943E+000
-1.46134E+000
-1.07133E+000
-5.44430E-001
5.61754E-002
6.49608E-001
1.16488E+000
1.56196E+000
1.83007E+000
1.97465E+000
2.00322E+000
1.91851E+000
1.72328E+000
1.42556E+000
1.03823E+000
5.80928E-001
8.18907E-002
-4.25039E-001
-9.02321E-001
-1.30896E+000
-1.60698E+000
-1.77282E+000
-1.80246E+000
-1.70514E+000
-1.49249E+000
-1.17641E+000
-7.78701E-001
-3.36435E-001
1.10229E-001
5.29239E-001
8.96824E-001
1.19855E+000
1.42493E+000
1.56278E+000
1.59670E+000
1.51821E+000
1.33295E+000
1.05971E+000
7.23406E-001
3.49633E-001
-3.70316E-002
-4.13613E-001
-7.57745E-001
-1.04673E+000
-1.26148E+000
-1.39165E+000
-1.43307E+000
-1.38368E+000
-1.24623E+000
-1.02981E+000
-7.48497E-001
-4.19636E-001
-6.61352E-002
2.79291E-001
5.84584E-001
8.29454E-001
1.00294E+000
1.10008E+000
1.12116E+000
1.07049E+000
9.55943E-001
7.89536E-001
5.88254E-001
3.73834E-001
1.61204E-001
-5.39141E-002
-2.79679E-001
-5.05833E-001
-7.04018E-001
-8.41551E-001
-8.97962E-001
-8.75398E-001
-7.93559E-001
-6.74517E-001
-5.31381E-001
-3.67711E-001
-1.83227E-001
1.94316E-002
2.27323E-001
4.15181E-001
5.56950E-001
6.41621E-001
6.74560E-001
6.65005E-001
6.18919E-001
5.39642E-001
4.29201E-001
2.91984E-001
1.37550E-001
-2.27950E-002
-1.80816E-001
-3.28030E-001
-4.49317E-001
-5.24375E-001
-5.39361E-001
-4.97064E-001
-4.12180E-001
-3.02863E-001
-1.84812E-001
-6.60109E-002
5.25554E-002
1.73066E-001
2.95662E-001
4.14846E-001
5.19697E-001
5.97334E-001
6.40654E-001
6.53222E-001
6.40319E-001
5.99644E-001
5.26429E-001
4.16516E-001
2.68895E-001
9.24813E-002
-9.65027E-002
-2.81092E-001
-4.47364E-001
-5.86337E-001
-6.91282E-001
-7.51090E-001
-7.57241E-001
-7.18504E-001
-6.53953E-001
-5.75827E-001
-4.85163E-001
-3.78155E-001
-2.51672E-001
-1.07227E-001
4.52737E-002
1.88568E-001
3.03151E-001
3.73758E-001
3.95045E-001
3.72469E-001
3.17763E-001
2.44943E-001
1.67436E-001
9.52832E-002
3.44916E-002
-1.24315E-002
-4.63957E-002
-7.06348E-002
-8.90431E-002
-1.04334E-001
-1.14849E-001
-1.14185E-001
-1.04786E-001
-1.08031E-001
-1.46456E-001
-2.24497E-001
-3.29090E-001
-4.39503E-001
-5.36404E-001
-6.07711E-001
-6.50713E-001
-6.68200E-001
-6.61669E-001
-6.28754E-001
-5.67401E-001
-4.79834E-001
-3.69366E-001
-2.36036E-001
-8.14251E-002
8.73105E-002
2.63454E-001
4.42652E-001
6.18542E-001
7.83519E-001
9.32902E-001
1.03553E+000
1.03150E+000
9.00677E-001
6.77167E-001
4.05743E-001
1.20858E-001
-1.50826E-001
-3.93643E-001
-6.10318E-001
-8.06365E-001
-9.70240E-001
-1.07310E+000
-1.07971E+000
-9.70242E-001
-7.64036E-001
-5.02691E-001
-2.15227E-001
8.08592E-002
3.67558E-001
6.23384E-001
8.20231E-001
9.27317E-001
9.26397E-001
8.25106E-001
6.52543E-001
4.45630E-001
2.39425E-001
6.37453E-002
-7.69717E-002
-2.12122E-001
-3.61341E-001
-5.10464E-001
-6.29422E-001
-6.86082E-001
-6.53325E-001
-5.28292E-001
-3.51524E-001
-1.77261E-001
-3.15927E-002
8.32914E-002
1.74277E-001
2.53339E-001
3.31376E-001
4.12062E-001
4.92042E-001
5.63584E-001
6.14419E-001
6.28898E-001
5.94494E-001
5.05956E-001
3.61600E-001
1.72271E-001
-2.94982E-002
-2.03957E-001
-3.25950E-001
-3.97185E-001
-4.36080E-001
-4.58807E-001
-4.74533E-001
-4.86876E-001
-4.92253E-001
-4.80274E-001
-4.39178E-001
-3.59783E-001
-2.35576E-001
-6.47723E-002
1.46291E-001
3.77330E-001
5.89535E-001
7.35557E-001
7.82730E-001
7.32959E-001
6.12972E-001
4.46163E-001
2.51700E-001
5.42296E-002
-1.25190E-001
-2.75344E-001
-3.92392E-001
-4.78892E-001
-5.44935E-001
-6.03608E-001
-6.58545E-001
-6.98079E-001
-6.99474E-001
-6.39714E-001
-5.11690E-001
-3.32640E-001
-1.38135E-001
3.47400E-002
1.63766E-001
2.43821E-001
2.81240E-001
2.84882E-001
2.59831E-001
2.11605E-001
1.45954E-001
7.04021E-002
1.25096E-003
-4.47609E-002
-6.06574E-002
-4.91117E-002
-2.41447E-002
-9.54446E-003
-2.64066E-002
-8.01098E-002
-1.54842E-001
-2.20519E-001
-2.48024E-001
-2.20649E-001
-1.40083E-001
-3.08054E-002
6.59125E-002
1.13028E-001
9.43379E-002
1.78023E-002
-9.08341E-002
-2.00618E-001
-2.86270E-001
-3.33835E-001
-3.44495E-001
-3.34300E-001
-3.24988E-001
-3.37665E-001
-3.85469E-001
-4.62325E-001
-5.46588E-001
-6.12238E-001
-6.36771E-001
-6.07344E-001
-5.22613E-001
-3.90654E-001
-2.25479E-001
-4.32257E-002
1.40933E-001
3.14959E-001
4.72330E-001
6.12513E-001
7.38872E-001
8.55927E-001
9.65752E-001
1.06651E+000
1.15394E+000
1.22232E+000
1.25939E+000
1.23719E+000
1.12205E+000
8.96557E-001
5.71633E-001
1.88389E-001
-2.01513E-001
-5.61284E-001
-8.73927E-001
-1.13472E+000
-1.34348E+000
-1.49841E+000
-1.59370E+000
-1.62378E+000
-1.58727E+000
-1.48595E+000
-1.32241E+000
-1.09897E+000
-8.19756E-001
-4.94182E-001
-1.36137E-001
2.35572E-001
5.90714E-001
8.92963E-001
1.11468E+000
1.23812E+000
1.25792E+000
1.18948E+000
1.06060E+000
8.96032E-001
7.10553E-001
5.09642E-001
2.96472E-001
7.75869E-002
-1.40016E-001
-3.48156E-001
-5.32991E-001
-6.80887E-001
-7.82536E-001
-8.29836E-001
-8.16342E-001
-7.38393E-001
-5.96874E-001
-4.01776E-001
-1.75722E-001
4.83209E-002
2.38760E-001
3.78792E-001
4.70106E-001
5.26925E-001
5.65425E-001
5.93813E-001
6.10347E-001
6.07363E-001
5.74740E-001
5.03891E-001
3.94353E-001
2.56870E-001
1.09668E-001
-2.72209E-002
-1.36776E-001
-2.06334E-001
-2.27725E-001
-1.99380E-001
-1.30547E-001
-4.45707E-002
3.12250E-002
7.98776E-002
9.69123E-002
8.81768E-002
6.71521E-002
4.80961E-002
3.88517E-002
4.41270E-002
6.18683E-002
6.96081E-002
4.32032E-002
-1.67268E-002
-8.97974E-002
-1.52655E-001
-1.96535E-001
-2.32728E-001
-2.70437E-001
-2.99223E-001
-3.02427E-001
-2.72856E-001
-2.17803E-001
-1.57725E-001
-1.15115E-001
-1.01833E-001
-1.13853E-001
-1.32679E-001
-1.35025E-001
-1.07100E-001
-4.91434E-002
2.92205E-002
1.18066E-001
2.15902E-001
3.16640E-001
3.92661E-001
4.06836E-001
3.37838E-001
1.96976E-001
2.28046E-002
-1.39369E-001
-2.56279E-001
-3.18592E-001
-3.39660E-001
-3.40429E-001
-3.36404E-001
-3.41687E-001
-3.66726E-001
-4.06861E-001
-4.47200E-001
-4.67478E-001
-4.42159E-001
-3.47003E-001
-1.71527E-001
6.88826E-002
3.39435E-001
5.97953E-001
8.02356E-001
9.21214E-001
9.42064E-001
8.75168E-001
7.50636E-001
6.09311E-001
4.87357E-001
4.02017E-001
3.41192E-001
2.67443E-001
1.43067E-001
-4.72454E-002
-2.86685E-001
-5.34585E-001
-7.46122E-001
-8.86321E-001
-9.38240E-001
-9.05720E-001
-8.06539E-001
-6.59575E-001
-4.80960E-001
-2.89709E-001
-1.06786E-001
5.12105E-002
1.77202E-001
2.78164E-001
3.69465E-001
4.55693E-001
5.22532E-001
5.53403E-001
5.43684E-001
4.97214E-001
4.22240E-001
3.25607E-001
2.04841E-001
5.31019E-002
-1.26405E-001
-3.09769E-001
-4.57591E-001
-5.32232E-001
-5.14996E-001
-4.17717E-001
-2.78324E-001
-1.40202E-001
-3.18007E-002
4.10652E-002
8.94240E-002
1.29499E-001
1.74958E-001
2.30261E-001
2.85282E-001
3.21141E-001
3.21344E-001
2.79733E-001
2.01813E-001
1.00746E-001
-9.21016E-003
-1.18373E-001
-2.17138E-001
-2.90861E-001
-3.24021E-001
-3.06956E-001
-2.41784E-001
-1.43183E-001
-3.04987E-002
8.24189E-002
1.91529E-001
2.95074E-001
3.82734E-001
4.38645E-001
4.48886E-001
4.09095E-001
3.31711E-001
2.37748E-001
1.44382E-001
5.69881E-002
-3.48728E-002
-1.48504E-001
-2.89755E-001
-4.42044E-001
-5.73779E-001
-6.53567E-001
-6.63476E-001
-6.06625E-001
-5.02110E-001
-3.73307E-001
-2.40699E-001
-1.16293E-001
-6.63504E-004
1.10422E-001
2.20187E-001
3.29996E-001
4.38421E-001
5.38131E-001
6.12735E-001
6.37544E-001
5.89460E-001
4.66303E-001
2.91081E-001
9.78526E-002
-8.04818E-002
-2.20770E-001
-3.18851E-001
-3.85402E-001
-4.27641E-001
-4.45429E-001
-4.37487E-001
-4.01918E-001
-3.37261E-001
-2.45551E-001
-1.33745E-001
-1.22955E-002
1.07240E-001
2.15299E-001
3.05674E-001
3.73347E-001
4.11738E-001
4.10763E-001
3.62210E-001
2.67727E-001
1.39315E-001
-3.36019E-003
-1.38948E-001
-2.52090E-001
-3.36127E-001
-3.91076E-001
-4.21949E-001
-4.37100E-001
-4.39631E-001
-4.21238E-001
-3.67473E-001
-2.65204E-001
-1.10567E-001
8.50168E-002
2.97651E-001
4.97498E-001
6.56061E-001
7.53902E-001
7.84267E-001
7.52763E-001
6.73205E-001
5.61042E-001
4.29501E-001
2.86637E-001
1.33172E-001
-3.39190E-002
-2.15858E-001
-4.09271E-001
-6.03089E-001
-7.76292E-001
-9.02907E-001
-9.61020E-001
-9.38757E-001
-8.39070E-001
-6.81739E-001
-4.96641E-001
-3.11474E-001
-1.42647E-001
5.24732E-003
1.32901E-001
2.39502E-001
3.22021E-001
3.77414E-001
4.03245E-001
3.97787E-001
3.59739E-001
2.88430E-001
1.85580E-001
6.07721E-002
-6.40935E-002
-1.62299E-001
-2.15039E-001
-2.16862E-001
-1.74926E-001
-1.07598E-001
-3.69585E-002
2.34453E-002
7.17586E-002
1.13724E-001
1.55742E-001
1.98880E-001
2.38727E-001
2.69555E-001
2.85946E-001
2.81046E-001
2.48645E-001
1.89230E-001
1.12533E-001
3.25215E-002
-3.90889E-002
-9.74135E-002
-1.44680E-001
-1.83657E-001
-2.11438E-001
-2.22134E-001
-2.14662E-001
-1.96309E-001
-1.78145E-001
-1.65693E-001
-1.54246E-001
-1.33688E-001
-9.57391E-002
-3.84470E-002
3.16261E-002
1.01800E-001
1.59752E-001
1.99256E-001
2.21304E-001
2.30988E-001
2.33396E-001
2.31630E-001
2.27575E-001
2.23761E-001
2.22931E-001
2.23876E-001
2.19323E-001
1.99320E-001
1.56193E-001
9.10324E-002
1.69152E-002
-5.20706E-002
-1.13685E-001
-1.75090E-001
-2.42147E-001
-3.12349E-001
-3.73414E-001
-4.06384E-001
-3.95828E-001
-3.43127E-001
-2.67611E-001
-1.91142E-001
-1.25153E-001
-7.13744E-002
-2.76941E-002
1.04935E-002
5.13073E-002
1.00603E-001
1.55909E-001
2.08857E-001
2.50473E-001
2.74024E-001
2.76324E-001
2.57093E-001
2.16032E-001
1.52370E-001
7.00597E-002
-1.93100E-002
-1.02571E-001
-1.71509E-001
-2.23679E-001
-2.59966E-001
-2.81523E-001
-2.87637E-001
-2.75466E-001
-2.43562E-001
-1.94816E-001
-1.34475E-001
-6.82115E-002
-1.31194E-003
6.19188E-002
1.19770E-001
1.74487E-001
2.28500E-001
2.81343E-001
3.28272E-001
3.57489E-001
3.53738E-001
3.08446E-001
2.24768E-001
1.14753E-001
-4.89818E-003
-1.17601E-001
-2.12598E-001
-2.87890E-001
-3.48728E-001
-4.01760E-001
-4.49737E-001
-4.91322E-001
-5.20929E-001
-5.28372E-001
-5.02540E-001
-4.37005E-001
-3.33716E-001
-2.02735E-001
-5.91968E-002
8.27700E-002