-4.57448E-004
-2.02997E-003
-4.38874E-003
-6.55983E-003
-7.91874E-003
-8.65127E-003
-9.76008E-003
-1.19780E-002
-1.48051E-002
-1.69404E-002
-1.73209E-002
-1.62458E-002
-1.56221E-002
-1.73110E-002
-2.12143E-002
-2.52027E-002
-2.70106E-002
-2.56518E-002
-2.12855E-002
-1.48424E-002
-8.32070E-003
-4.58257E-003
-5.68557E-003
-1.02539E-002
-1.29752E-002
-8.51408E-003
3.24958E-003
1.54909E-002
2.08244E-002
1.79127E-002
9.20207E-003
-3.15341E-003
-1.79125E-002
-3.26397E-002
-4.35280E-002
-4.93462E-002
-5.20847E-002
-5.35940E-002
-5.32048E-002
-4.81042E-002
-3.54218E-002
-1.46248E-002
1.17335E-002
4.12204E-002
7.38943E-002
1.09324E-001
1.44079E-001
1.74145E-001
1.96843E-001
2.11817E-001
2.21528E-001
2.28286E-001
2.32484E-001
2.33924E-001
2.31678E-001
2.23297E-001
2.05978E-001
1.78558E-001
1.42238E-001
9.54711E-002
3.10421E-002
-5.04745E-002
-1.31622E-001
-1.92017E-001
-2.21717E-001
-2.21793E-001
-1.99809E-001
-1.63827E-001
-1.18550E-001
-6.42089E-002
2.41751E-003
8.55376E-002
1.86873E-001
3.00092E-001
4.10458E-001
5.04728E-001
5.78641E-001
6.32922E-001
6.66021E-001
6.74752E-001
6.58468E-001
6.13989E-001
5.19754E-001
3.40861E-001
7.49403E-002
-2.28695E-001
-5.09928E-001
-7.32701E-001
-8.90400E-001
-9.97402E-001
-1.07176E+000
-1.12209E+000
-1.14365E+000
-1.12295E+000
-1.04745E+000
-9.11283E-001
-7.15055E-001
-4.65080E-001
-1.73396E-001
1.43610E-001
4.68188E-001
7.83487E-001
1.07375E+000
1.32350E+000
1.51671E+000
1.63859E+000
1.68278E+000
1.65200E+000
1.55019E+000
1.36717E+000
1.06914E+000
6.50351E-001
1.75569E-001
-2.74770E-001
-6.55707E-001
-9.54155E-001
-1.17294E+000
-1.31596E+000
-1.38047E+000
-1.35867E+000
-1.24371E+000
-1.03320E+000
-7.70772E-001
-5.34936E-001
-3.34695E-001
-1.15805E-001
1.58656E-001
4.84830E-001
8.18811E-001
1.07958E+000
1.18503E+000
1.10877E+000
8.79717E-001
5.47668E-001
1.67322E-001
-2.07638E-001
-5.30901E-001
-7.72215E-001
-9.23365E-001
-9.95277E-001
-1.00957E+000
-9.90289E-001
-9.54046E-001
-9.03330E-001
-8.26764E-001
-7.06357E-001
-5.29972E-001
-2.96036E-001
-1.13433E-002
3.07651E-001
6.31637E-001
9.13622E-001
1.09228E+000
1.12611E+000
1.02498E+000
8.36031E-001
6.14852E-001
4.07440E-001
2.40812E-001
1.22985E-001
3.90051E-002
-4.59025E-002
-1.53558E-001
-2.73248E-001
-3.78819E-001
-4.44332E-001
-4.47732E-001
-3.90354E-001
-3.13865E-001
-2.50188E-001
-1.77007E-001
-5.94728E-002
1.08127E-001
2.90824E-001
4.16289E-001
4.29738E-001
3.40792E-001
1.97606E-001
4.79255E-002
-7.49027E-002
-1.54894E-001
-1.99197E-001
-2.32076E-001
-2.69817E-001
-3.15153E-001
-3.63030E-001
-3.99225E-001
-4.03593E-001
-3.59175E-001
-2.66159E-001
-1.47162E-001
-3.17207E-002
6.68358E-002
1.58725E-001
2.60500E-001
3.76464E-001
4.95033E-001
5.95611E-001
6.61312E-001
6.78289E-001
6.28301E-001
5.12906E-001
3.70688E-001
2.41717E-001
1.35147E-001
4.07361E-002
-4.83889E-002
-1.31167E-001
-2.01813E-001
-2.51423E-001
-2.70644E-001
-2.52276E-001
-1.93024E-001
-9.37236E-002
3.94974E-002
1.94953E-001
3.60324E-001
5.24409E-001
6.57115E-001
7.17605E-001
7.05536E-001
6.56535E-001
5.86474E-001
4.72329E-001
2.83959E-001
2.13334E-002
-2.76729E-001
-5.57061E-001
-7.83262E-001
-9.42712E-001
-1.03536E+000
-1.06107E+000
-1.01496E+000
-8.89876E-001
-6.97144E-001
-4.78849E-001
-2.63748E-001
-3.68048E-002
2.25882E-001
5.24551E-001
8.35236E-001
1.12382E+000
1.36291E+000
1.50511E+000
1.48030E+000
1.27841E+000
9.62328E-001
6.02889E-001
2.42962E-001
-1.15922E-001
-4.84773E-001
-8.42344E-001
-1.14848E+000
-1.37569E+000
-1.51504E+000
-1.57028E+000
-1.54834E+000
-1.46078E+000
-1.32419E+000
-1.14343E+000
-9.07289E-001
-6.04077E-001
-2.34253E-001
1.81239E-001
5.99663E-001
9.47390E-001
1.14541E+000
1.17509E+000
1.07669E+000
9.06499E-001
7.13885E-001
5.27997E-001
3.57428E-001
1.92646E-001
1.27161E-002
-1.95301E-001
-4.18312E-001
-6.18634E-001
-7.56416E-001
-8.08121E-001
-7.68414E-001
-6.44384E-001
-4.47745E-001
-1.95940E-001
8.03248E-002
3.42673E-001
5.64891E-001
7.41124E-001
8.72012E-001
9.51088E-001
9.65136E-001
9.06335E-001
7.85197E-001
6.26057E-001
4.48666E-001
2.59401E-001
5.66371E-002
-1.59990E-001
-3.80991E-001
-5.84333E-001
-7.44335E-001
-8.44267E-001
-8.78913E-001
-8.46608E-001
-7.43454E-001
-5.71085E-001
-3.50834E-001
-1.21498E-001
8.60077E-002
2.64113E-001
4.19044E-001
5.57207E-001
6.73919E-001
7.50610E-001
7.68145E-001
7.21876E-001
6.23567E-001
4.90513E-001
3.34639E-001
1.62703E-001
-1.70777E-002
-1.92943E-001
-3.52612E-001
-4.86631E-001
-5.90743E-001
-6.63838E-001
-6.99974E-001
-6.86959E-001
-6.18205E-001
-5.00497E-001
-3.50287E-001
-1.84081E-001
-1.50941E-002
1.42040E-001
2.76383E-001
3.84779E-001
4.64778E-001
5.12055E-001
5.23985E-001
5.01951E-001
4.50850E-001
3.77657E-001
2.90888E-001
2.00927E-001
1.10850E-001
8.38385E-003
-1.15227E-001
-2.45863E-001
-3.55771E-001
-4.22992E-001
-4.43000E-001
-4.27077E-001
-3.89193E-001
-3.34816E-001
-2.62346E-001
-1.72232E-001
-7.07679E-002
3.36023E-002
1.31578E-001
2.11282E-001
2.63247E-001
2.88407E-001
2.95333E-001
2.89713E-001
2.72794E-001
2.45347E-001
2.07024E-001
1.56150E-001
9.19110E-002
1.50368E-002
-7.14565E-002
-1.57430E-001
-2.24477E-001
-2.55343E-001
-2.47784E-001
-2.16964E-001
-1.79303E-001
-1.40328E-001
-9.66439E-002
-4.29470E-002
2.10150E-002
9.03549E-002
1.58638E-001
2.20210E-001
2.69967E-001
3.02678E-001
3.17206E-001
3.19892E-001
3.15588E-001
2.99859E-001
2.66080E-001
2.09058E-001
1.26960E-001
2.73409E-002
-7.60913E-002
-1.70291E-001
-2.46525E-001
-3.02139E-001
-3.37792E-001
-3.50768E-001
-3.40955E-001
-3.21409E-001
-3.05811E-001
-2.91559E-001
-2.64355E-001
-2.14663E-001
-1.44701E-001
-6.43470E-002
1.48774E-002
8.40588E-002
1.37162E-001
1.69783E-001
1.80321E-001
1.71350E-001
1.48232E-001
1.17696E-001
8.58443E-002
5.57708E-002
2.83903E-002
4.83080E-003
-1.32373E-002
-2.47976E-002
-3.12203E-002
-3.62975E-002
-4.21279E-002
-4.61886E-002
-5.17994E-002
-7.43816E-002
-1.22241E-001
-1.83470E-001
-2.38125E-001
-2.74722E-001
-2.94332E-001
-3.04079E-001
-3.09905E-001
-3.12657E-001
-3.08362E-001
-2.92418E-001
-2.64502E-001
-2.27937E-001
-1.82655E-001
-1.22653E-001
-4.58668E-002
4.04378E-002
1.29716E-001
2.21930E-001
3.18063E-001
4.16039E-001
5.10764E-001
5.67778E-001
5.33275E-001
4.09066E-001
2.51905E-001
1.07206E-001
-1.54178E-002
-1.21073E-001
-2.13320E-001
-2.97710E-001
-3.76285E-001
-4.40262E-001
-4.74405E-001
-4.62282E-001
-3.97954E-001
-3.01210E-001
-1.98065E-001
-9.25882E-002
2.01545E-002
1.36464E-001
2.45738E-001
3.33953E-001
3.86934E-001
3.96998E-001
3.67270E-001
3.06541E-001
2.25393E-001
1.39020E-001
6.82226E-002
1.45774E-002
-5.14932E-002
-1.45793E-001
-2.48251E-001
-3.27761E-001
-3.59864E-001
-3.30358E-001
-2.46684E-001
-1.48185E-001
-7.18792E-002
-1.82371E-002
2.81148E-002
7.41270E-002
1.20114E-001
1.66125E-001
2.12634E-001
2.58455E-001
2.98086E-001
3.20729E-001
3.15766E-001
2.81914E-001
2.26475E-001
1.52472E-001
6.27244E-002
-2.85700E-002
-1.03241E-001
-1.52442E-001
-1.82127E-001
-2.02089E-001
-2.14488E-001
-2.20122E-001
-2.24869E-001
-2.33269E-001
-2.40575E-001
-2.34472E-001
-2.01837E-001
-1.33896E-001
-3.04268E-002
9.93120E-002
2.35518E-001
3.47209E-001
4.03045E-001
3.90460E-001
3.26605E-001
2.40249E-001
1.44392E-001
4.52760E-002
-4.07406E-002
-9.91905E-002
-1.30135E-001
-1.45761E-001
-1.62156E-001
-1.92699E-001
-2.42359E-001
-3.02232E-001
-3.53633E-001
-3.77029E-001
-3.58589E-001
-2.96885E-001
-2.04027E-001
-9.99086E-002
-3.08119E-003
7.58285E-002
1.31302E-001
1.60375E-001
1.61855E-001
1.36767E-001
9.32278E-002
4.17212E-002
-7.87368E-003
-4.09447E-002
-4.62045E-002
-2.44130E-002
1.38973E-002
4.90714E-002
5.68264E-002
2.30347E-002
-4.48865E-002
-1.19404E-001
-1.68021E-001
-1.71398E-001
-1.29351E-001
-5.69763E-002
1.88449E-002
6.76886E-002
7.23656E-002
3.61680E-002
-2.35713E-002
-8.62469E-002
-1.37134E-001
-1.69670E-001
-1.82824E-001
-1.80932E-001
-1.73833E-001
-1.71037E-001
-1.80489E-001
-2.06604E-001
-2.43495E-001
-2.80367E-001
-3.08983E-001
-3.22813E-001
-3.14908E-001
-2.77873E-001
-2.07432E-001
-1.07518E-001
8.43358E-003
1.21878E-001
2.16777E-001
2.86719E-001
3.36171E-001
3.75865E-001
4.17097E-001
4.66650E-001
5.25165E-001
5.88450E-001
6.47918E-001
6.86643E-001
6.75233E-001
5.88265E-001
4.26312E-001
2.17465E-001
4.54548E-003
-1.80730E-001
-3.33805E-001
-4.63997E-001
-5.75812E-001
-6.65465E-001
-7.27516E-001
-7.60594E-001
-7.68754E-001
-7.56605E-001
-7.23188E-001
-6.62679E-001
-5.69857E-001
-4.44371E-001
-2.90147E-001
-1.10132E-001
9.15602E-002
2.96615E-001
4.73893E-001
5.96352E-001
6.47578E-001
6.28017E-001
5.61249E-001
4.78509E-001
3.98176E-001
3.21537E-001
2.41118E-001
1.52721E-001
5.93919E-002
-3.64107E-002
-1.33867E-001
-2.26980E-001
-3.07677E-001
-3.69204E-001
-4.04259E-001
-4.06994E-001
-3.74019E-001
-3.04407E-001
-2.02755E-001
-8.27274E-002
3.39688E-002
1.27311E-001
1.89566E-001
2.26084E-001
2.48465E-001
2.66573E-001
2.83336E-001
2.96232E-001
3.00876E-001
2.91017E-001
2.59624E-001
2.05048E-001
1.34717E-001
6.12789E-002
-3.45498E-003
-5.23125E-002
-8.13940E-002
-8.75266E-002
-6.94843E-002
-3.28537E-002
6.27353E-003
3.13242E-002
3.73449E-002
2.83561E-002
1.16705E-002
-3.98719E-003
-1.12352E-002
-7.11991E-003
1.11867E-002
4.06460E-002
5.82652E-002
4.29223E-002
1.63192E-003
-4.24899E-002
-7.31447E-002
-9.45692E-002
-1.24771E-001
-1.65518E-001
-1.92069E-001
-1.82474E-001
-1.39689E-001
-8.64022E-002
-4.79746E-002
-3.60835E-002
-4.59326E-002
-6.55481E-002
-8.25842E-002
-8.67591E-002
-7.25219E-002
-3.83229E-002
1.33816E-002
7.64909E-002
1.45683E-001
2.07703E-001
2.35244E-001
2.06892E-001
1.27004E-001
2.48221E-002
-6.63027E-002
-1.27856E-001
-1.57187E-001
-1.60894E-001
-1.48967E-001
-1.30151E-001
-1.12979E-001
-1.13980E-001
-1.47168E-001
-2.03766E-001
-2.59220E-001
-2.88310E-001
-2.72268E-001
-2.02290E-001
-8.15364E-002
7.23371E-002
2.35273E-001
3.81791E-001
4.83838E-001
5.18875E-001
4.81791E-001
3.91548E-001
2.85228E-001
2.01999E-001
1.64322E-001
1.68965E-001
1.88083E-001
1.82804E-001
1.27857E-001
2.26410E-002
-1.13062E-001
-2.52482E-001
-3.73715E-001
-4.59904E-001
-4.98937E-001
-4.87833E-001
-4.33147E-001
-3.44357E-001
-2.32292E-001
-1.13547E-001
-7.12351E-003
7.28785E-002
1.21546E-001
1.46843E-001
1.64768E-001
1.83294E-001
1.97928E-001
2.07188E-001
2.17543E-001
2.29408E-001
2.32471E-001
2.11297E-001
1.51890E-001
5.26483E-002
-6.88100E-002
-1.80390E-001
-2.51457E-001
-2.67139E-001
-2.31357E-001
-1.64190E-001
-9.28566E-002
-3.79733E-002
-5.71457E-003
1.02662E-002
2.14340E-002
3.76298E-002
6.51140E-002
1.02738E-001
1.37780E-001
1.53903E-001
1.43698E-001
1.13471E-001
7.67099E-002
4.28513E-002
1.04742E-002
-3.02546E-002
-8.25455E-002
-1.33486E-001
-1.62443E-001
-1.54999E-001
-1.12093E-001
-4.85610E-002
1.81893E-002
7.82248E-002
1.30086E-001
1.71906E-001
1.94952E-001
1.92958E-001
1.69442E-001
1.35942E-001
1.07368E-001
8.96717E-002
7.59829E-002
5.36901E-002
1.03159E-002
-5.95572E-002
-1.47625E-001
-2.33537E-001
-2.96892E-001
-3.25984E-001
-3.19242E-001
-2.84440E-001
-2.33293E-001
-1.75636E-001
-1.18820E-001
-6.53749E-002
-1.06859E-002
4.99872E-002
1.15701E-001
1.80936E-001
2.38761E-001
2.82305E-001
3.04171E-001
2.95882E-001
2.52195E-001
1.81673E-001
1.02743E-001
2.86034E-002
-3.56563E-002
-8.81035E-002
-1.30820E-001
-1.66954E-001
-1.91579E-001
-1.98361E-001
-1.89473E-001
-1.70856E-001
-1.45451E-001
-1.12885E-001
-7.28460E-002
-2.69961E-002
2.18372E-002
7.24212E-002
1.24963E-001
1.76119E-001
2.15094E-001
2.24932E-001
1.93837E-001
1.26271E-001
4.03144E-002
-4.17404E-002
-1.03872E-001
-1.42598E-001
-1.63752E-001
-1.75018E-001
-1.82828E-001
-1.92542E-001
-2.02541E-001
-2.01047E-001
-1.74112E-001
-1.13789E-001
-2.33756E-002
8.20021E-002
1.83357E-001
2.65529E-001
3.20349E-001
3.47164E-001
3.49944E-001
3.34188E-001
3.04460E-001
2.62663E-001
2.09670E-001
1.46112E-001
7.12277E-002
-1.50405E-002
-1.09986E-001
-2.09406E-001
-3.07036E-001
-3.92179E-001
-4.52159E-001
-4.77093E-001
-4.61583E-001
-4.07290E-001
-3.25558E-001
-2.33394E-001
-1.45131E-001
-6.74542E-002
-1.19787E-003
5.34794E-002
9.48665E-002
1.23093E-001
1.42168E-001
1.56233E-001
1.65237E-001
1.63929E-001
1.45050E-001
1.04492E-001
4.72930E-002
-1.07120E-002
-5.30032E-002
-7.29819E-002
-7.28425E-002
-5.76401E-002
-3.48189E-002
-1.25901E-002
5.94782E-003
2.27062E-002
4.15374E-002
6.49600E-002
9.15747E-002
1.17123E-001
1.37596E-001
1.49186E-001
1.46300E-001
1.24850E-001
8.83235E-002
4.73707E-002
1.13672E-002
-1.75220E-002
-4.34497E-002
-7.10412E-002
-9.77810E-002
-1.13532E-001
-1.10753E-001
-9.41061E-002
-7.80398E-002
-7.44897E-002
-8.21849E-002
-8.84588E-002
-8.15553E-002
-5.85300E-002
-2.34144E-002
1.70127E-002
5.60489E-002
8.83668E-002
1.10432E-001
1.20941E-001
1.21515E-001
1.16578E-001
1.11604E-001
1.10544E-001
1.14436E-001
1.21203E-001
1.25373E-001
1.20333E-001
1.02518E-001
7.23873E-002
3.50105E-002
-3.08017E-004
-2.93255E-002
-5.87784E-002
-9.67453E-002
-1.41515E-001
-1.82130E-001
-2.05924E-001
-2.04125E-001
-1.76352E-001
-1.34357E-001
-9.63228E-002
-7.22526E-002
-5.90706E-002
-4.97668E-002
-4.08753E-002
-2.91743E-002
-6.91287E-003
3.10343E-002
7.83450E-002
1.21005E-001
1.47557E-001
1.55199E-001
1.48827E-001
1.34283E-001
1.11145E-001
7.37294E-002
2.14003E-002
-3.55302E-002
-8.33773E-002
-1.14549E-001
-1.29137E-001
-1.31193E-001
-1.24799E-001
-1.12627E-001
-9.65232E-002
-7.97985E-002
-6.66066E-002
-5.70354E-002
-4.63132E-002
-2.89389E-002
-2.97217E-003
3.01902E-002
6.91734E-002
1.11818E-001
1.54172E-001
1.89966E-001
2.08352E-001
1.98237E-001
1.57872E-001
9.65686E-002
2.76366E-002
-3.73299E-002
-9.06664E-002
-1.29871E-001
-1.57234E-001
-1.77958E-001
-1.96499E-001
-2.14334E-001
-2.31531E-001
-2.46108E-001
-2.52111E-001
-2.42188E-001
-2.12425E-001
-1.64645E-001
-1.04492E-001
-3.82491E-002
3.05494E-002
