-5.12278E-004
-2.45648E-003
-6.02807E-003
-1.07930E-002
-1.63135E-002
-2.24657E-002
-2.96619E-002
-3.81373E-002
-4.71238E-002
-5.50441E-002
-6.02335E-002
-6.20926E-002
-6.18727E-002
-6.17233E-002
-6.29523E-002
-6.52701E-002
-6.76231E-002
-6.89797E-002
-6.82696E-002
-6.44480E-002
-5.73198E-002
-4.80645E-002
-3.85116E-002
-2.90792E-002
-1.76235E-002
-1.53574E-003
1.86386E-002
3.73480E-002
4.86861E-002
5.15610E-002
4.73565E-002
3.61775E-002
1.60582E-002
-1.47975E-002
-5.61519E-002
-1.06955E-001
-1.64318E-001
-2.20781E-001
-2.64324E-001
-2.81572E-001
-2.62147E-001
-2.02350E-001
-1.06343E-001
1.75692E-002
1.60997E-001
3.14720E-001
4.67373E-001
6.07509E-001
7.24720E-001
8.10706E-001
8.61194E-001
8.75119E-001
8.54309E-001
8.04898E-001
7.36081E-001
6.57190E-001
5.75849E-001
4.96901E-001
4.21165E-001
3.39815E-001
2.31637E-001
7.83260E-002
-1.20018E-001
-3.48965E-001
-5.86197E-001
-8.02775E-001
-9.65966E-001
-1.04314E+000
-1.00676E+000
-8.39573E-001
-5.38998E-001
-1.19803E-001
3.85947E-001
9.29884E-001
1.45429E+000
1.90811E+000
2.25906E+000
2.49217E+000
2.60166E+000
2.58807E+000
2.45913E+000
2.22370E+000
1.87334E+000
1.37908E+000
7.28793E-001
-4.95249E-002
-9.10757E-001
-1.80946E+000
-2.69828E+000
-3.52444E+000
-4.22429E+000
-4.72444E+000
-4.95264E+000
-4.85661E+000
-4.42468E+000
-3.69384E+000
-2.73956E+000
-1.65391E+000
-5.21947E-001
5.95012E-001
1.66346E+000
2.66881E+000
3.60002E+000
4.43690E+000
5.14470E+000
5.67804E+000
5.99412E+000
6.06143E+000
5.85896E+000
5.36339E+000
4.53366E+000
3.35422E+000
1.88296E+000
2.18308E-001
-1.53241E+000
-3.24778E+000
-4.79032E+000
-6.01226E+000
-6.76991E+000
-6.94839E+000
-6.49060E+000
-5.41721E+000
-3.87387E+000
-2.11457E+000
-3.70517E-001
1.19868E+000
2.48331E+000
3.42834E+000
4.02374E+000
4.27188E+000
4.18176E+000
3.79549E+000
3.17683E+000
2.37772E+000
1.42786E+000
3.42926E-001
-8.54515E-001
-2.11025E+000
-3.32387E+000
-4.35522E+000
-5.05617E+000
-5.31696E+000
-5.10042E+000
-4.45037E+000
-3.47471E+000
-2.31439E+000
-1.11377E+000
7.58585E-003
9.76570E-001
1.77126E+000
2.40982E+000
2.92204E+000
3.31596E+000
3.57492E+000
3.67248E+000
3.57341E+000
3.24217E+000
2.66496E+000
1.86740E+000
9.21533E-001
-7.09747E-002
-1.00495E+000
-1.77559E+000
-2.28869E+000
-2.49179E+000
-2.38854E+000
-2.02755E+000
-1.49843E+000
-9.28045E-001
-4.18641E-001
6.23774E-003
3.69965E-001
7.00773E-001
1.00371E+000
1.23789E+000
1.35042E+000
1.32271E+000
1.16366E+000
8.91117E-001
5.26702E-001
9.33253E-002
-3.90140E-001
-9.01336E-001
-1.39130E+000
-1.78902E+000
-2.02667E+000
-2.05996E+000
-1.88194E+000
-1.52367E+000
-1.04614E+000
-5.24570E-001
-2.41333E-002
4.20508E-001
8.07477E-001
1.14881E+000
1.45197E+000
1.71439E+000
1.92574E+000
2.07627E+000
2.15344E+000
2.13176E+000
1.99411E+000
1.75272E+000
1.42549E+000
1.01407E+000
5.18567E-001
-4.01708E-002
-6.15714E-001
-1.14135E+000
-1.54079E+000
-1.74654E+000
-1.71847E+000
-1.45386E+000
-9.84259E-001
-3.63969E-001
3.43983E-001
1.08204E+000
1.80214E+000
2.44084E+000
2.91734E+000
3.18014E+000
3.21434E+000
3.00545E+000
2.52845E+000
1.77265E+000
7.69861E-001
-3.96651E-001
-1.60997E+000
-2.74998E+000
-3.71254E+000
-4.41627E+000
-4.80173E+000
-4.82713E+000
-4.46526E+000
-3.72424E+000
-2.67252E+000
-1.41110E+000
-4.07738E-002
1.33093E+000
2.59334E+000
3.65569E+000
4.46527E+000
5.01456E+000
5.29597E+000
5.27125E+000
4.92874E+000
4.29455E+000
3.39008E+000
2.22448E+000
8.00920E-001
-8.46074E-001
-2.60279E+000
-4.29138E+000
-5.71843E+000
-6.71702E+000
-7.18284E+000
-7.09098E+000
-6.49667E+000
-5.51417E+000
-4.27130E+000
-2.87974E+000
-1.43297E+000
-9.34788E-003
1.32353E+000
2.50707E+000
3.47352E+000
4.15102E+000
4.50890E+000
4.55222E+000
4.29260E+000
3.74612E+000
2.93900E+000
1.91971E+000
7.63087E-001
-4.35017E-001
-1.56308E+000
-2.50464E+000
-3.16086E+000
-3.47969E+000
-3.46716E+000
-3.17201E+000
-2.65812E+000
-1.97744E+000
-1.16224E+000
-2.39888E-001
7.51452E-001
1.75986E+000
2.71856E+000
3.54163E+000
4.13138E+000
4.39978E+000
4.29571E+000
3.82625E+000
3.05471E+000
2.07664E+000
9.95411E-001
-9.39395E-002
-1.11396E+000
-2.00452E+000
-2.71705E+000
-3.21437E+000
-3.47630E+000
-3.50133E+000
-3.30079E+000
-2.89195E+000
-2.29975E+000
-1.56581E+000
-7.48531E-001
9.44701E-002
9.17265E-001
1.67953E+000
2.34123E+000
2.85837E+000
3.18279E+000
3.27496E+000
3.12036E+000
2.73612E+000
2.16445E+000
1.45975E+000
6.79875E-001
-1.17763E-001
-8.79624E-001
-1.55865E+000
-2.11527E+000
-2.52016E+000
-2.75637E+000
-2.81563E+000
-2.69616E+000
-2.40875E+000
-1.97874E+000
-1.44050E+000
-8.29420E-001
-1.80441E-001
4.66345E-001
1.07049E+000
1.59641E+000
2.00910E+000
2.27489E+000
2.36864E+000
2.28082E+000
2.02162E+000
1.62167E+000
1.12911E+000
6.03545E-001
9.79303E-002
-3.60229E-001
-7.59627E-001
-1.08758E+000
-1.33091E+000
-1.48318E+000
-1.54862E+000
-1.53990E+000
-1.46820E+000
-1.33414E+000
-1.12932E+000
-8.46966E-001
-4.91041E-001
-7.91336E-002
3.56345E-001
7.69890E-001
1.11491E+000
1.35920E+000
1.48803E+000
1.49621E+000
1.38591E+000
1.16956E+000
8.69162E-001
5.15166E-001
1.44352E-001
-2.07352E-001
-5.12823E-001
-7.53799E-001
-9.17228E-001
-9.95966E-001
-9.94130E-001
-9.27423E-001
-8.11052E-001
-6.52045E-001
-4.52273E-001
-2.14283E-001
5.22074E-002
3.29279E-001
5.94292E-001
8.25032E-001
1.00426E+000
1.12219E+000
1.17996E+000
1.18954E+000
1.16134E+000
1.09371E+000
9.78890E-001
8.07778E-001
5.74545E-001
2.85216E-001
-4.35067E-002
-3.89934E-001
-7.31001E-001
-1.04473E+000
-1.30872E+000
-1.49489E+000
-1.57790E+000
-1.55160E+000
-1.42532E+000
-1.21213E+000
-9.29388E-001
-6.04917E-001
-2.74438E-001
2.78507E-002
2.77133E-001
4.62355E-001
5.85009E-001
6.53749E-001
6.79044E-001
6.68566E-001
6.23877E-001
5.42580E-001
4.23600E-001
2.71587E-001
1.00173E-001
-6.84923E-002
-2.09555E-001
-3.03125E-001
-3.40635E-001
-3.26816E-001
-2.74672E-001
-1.98818E-001
-1.21405E-001
-7.68739E-002
-9.38485E-002
-1.80232E-001
-3.28584E-001
-5.25828E-001
-7.55849E-001
-9.96891E-001
-1.22010E+000
-1.39082E+000
-1.47362E+000
-1.44202E+000
-1.28967E+000
-1.03425E+000
-7.08887E-001
-3.49896E-001
7.10969E-003
3.31639E-001
6.10239E-001
8.48922E-001
1.06301E+000
1.26840E+000
1.47706E+000
1.66326E+000
1.76022E+000
1.72730E+000
1.56268E+000
1.26427E+000
8.23964E-001
2.51925E-001
-4.11710E-001
-1.10615E+000
-1.75289E+000
-2.26135E+000
-2.54907E+000
-2.56110E+000
-2.28881E+000
-1.78418E+000
-1.13322E+000
-4.14395E-001
3.05149E-001
9.63080E-001
1.50502E+000
1.88491E+000
2.06721E+000
2.03663E+000
1.80721E+000
1.41865E+000
9.27698E-001
4.02342E-001
-8.40726E-002
-4.82079E-001
-7.86240E-001
-1.00134E+000
-1.12323E+000
-1.15432E+000
-1.10661E+000
-9.92120E-001
-8.26279E-001
-6.39677E-001
-4.54366E-001
-2.59672E-001
-3.66231E-002
2.15955E-001
4.80532E-001
7.28398E-001
9.29209E-001
1.06203E+000
1.12175E+000
1.11628E+000
1.05981E+000
9.67538E-001
8.47342E-001
6.88756E-001
4.74571E-001
2.02859E-001
-1.09697E-001
-4.35151E-001
-7.42768E-001
-9.98613E-001
-1.16610E+000
-1.22136E+000
-1.16593E+000
-1.02328E+000
-8.27202E-001
-6.11823E-001
-4.02384E-001
-2.07163E-001
-1.68591E-002
1.89269E-001
4.29467E-001
7.02299E-001
9.82019E-001
1.22955E+000
1.40789E+000
1.48001E+000
1.40003E+000
1.13642E+000
7.00200E-001
1.41676E-001
-4.62771E-001
-1.02372E+000
-1.45727E+000
-1.70648E+000
-1.75448E+000
-1.62195E+000
-1.35835E+000
-1.02840E+000
-6.94932E-001
-4.07375E-001
-1.94007E-001
-5.77713E-002
2.26264E-002
8.40764E-002
1.60187E-001
2.65843E-001
3.90709E-001
5.03359E-001
5.68270E-001
5.56843E-001
4.56976E-001
2.84320E-001
7.40700E-002
-1.33166E-001
-2.98557E-001
-3.96030E-001
-4.20263E-001
-3.82434E-001
-3.02281E-001
-2.02171E-001
-1.05726E-001
-3.69578E-002
-1.22653E-002
-3.16868E-002
-8.09104E-002
-1.38164E-001
-1.77423E-001
-1.77822E-001
-1.36862E-001
-7.60400E-002
-3.51777E-002
-5.52408E-002
-1.57946E-001
-3.36034E-001
-5.56721E-001
-7.71367E-001
-9.35498E-001
-1.02519E+000
-1.03808E+000
-9.93102E-001
-9.23373E-001
-8.59198E-001
-8.13535E-001
-7.75953E-001
-7.17387E-001
-6.03327E-001
-4.08158E-001
-1.24768E-001
2.33205E-001
6.36546E-001
1.04819E+000
1.43030E+000
1.75076E+000
1.98718E+000
2.13001E+000
2.18448E+000
2.16807E+000
2.09934E+000
1.98088E+000
1.80012E+000
1.54157E+000
1.19246E+000
7.47277E-001
2.03588E-001
-4.38871E-001
-1.16112E+000
-1.91035E+000
-2.60468E+000
-3.15277E+000
-3.47822E+000
-3.54128E+000
-3.34760E+000
-2.94139E+000
-2.39023E+000
-1.76715E+000
-1.13493E+000
-5.35575E-001
1.55957E-002
5.23547E-001
9.93221E-001
1.41963E+000
1.79160E+000
2.08818E+000
2.28202E+000
2.35250E+000
2.28580E+000
2.07118E+000
1.70688E+000
1.20984E+000
6.22853E-001
1.05193E-002
-5.59356E-001
-1.03050E+000
-1.36394E+000
-1.54690E+000
-1.59317E+000
-1.53111E+000
-1.39238E+000
-1.20181E+000
-9.71465E-001
-7.04019E-001
-4.01783E-001
-7.48522E-002
2.59155E-001
5.80263E-001
8.68211E-001
1.10257E+000
1.26394E+000
1.33660E+000
1.31467E+000
1.20648E+000
1.03127E+000
8.12670E-001
5.75383E-001
3.41895E-001
1.27605E-001
-6.07251E-002
-2.21868E-001
-3.52803E-001
-4.42990E-001
-4.75908E-001
-4.38225E-001
-3.31708E-001
-1.72607E-001
1.54806E-002
2.01914E-001
3.52347E-001
4.37965E-001
4.42779E-001
3.67102E-001
2.33751E-001
7.88408E-002
-7.34573E-002
-2.06282E-001
-2.96673E-001
-3.28081E-001
-3.04929E-001
-2.57905E-001
-2.33145E-001
-2.58713E-001
-3.25365E-001
-4.04935E-001
-4.70962E-001
-5.05849E-001
-5.02182E-001
-4.58902E-001
-3.79385E-001
-2.73451E-001
-1.55943E-001
-4.33901E-002
4.79587E-002
1.08418E-001
1.40543E-001
1.61398E-001
2.01840E-001
2.85343E-001
4.04490E-001
5.26068E-001
6.09194E-001
6.19717E-001
5.33936E-001
3.40144E-001
4.63696E-002
-3.14837E-001
-6.88745E-001
-1.00630E+000
-1.20206E+000
-1.24333E+000
-1.13932E+000
-9.27327E-001
-6.65196E-001
-4.16747E-001
-2.27969E-001
-1.10452E-001
-3.95535E-002
3.14225E-002
1.57550E-001
3.82577E-001
7.15407E-001
1.12206E+000
1.53334E+000
1.86422E+000
2.03697E+000
2.00185E+000
1.74858E+000
1.30915E+000
7.47760E-001
1.44973E-001
-4.13417E-001
-8.54215E-001
-1.13553E+000
-1.25910E+000
-1.26854E+000
-1.22695E+000
-1.18981E+000
-1.18644E+000
-1.21077E+000
-1.22206E+000
-1.16381E+000
-9.93223E-001
-6.98851E-001
-3.03101E-001
1.45512E-001
5.89848E-001
9.77665E-001
1.26148E+000
1.40260E+000
1.38900E+000
1.24121E+000
9.97303E-001
7.00812E-001
3.91948E-001
9.80453E-002
-1.66258E-001
-3.92507E-001
-5.73119E-001
-7.02598E-001
-7.79855E-001
-8.06014E-001
-7.83225E-001
-7.12266E-001
-5.88695E-001
-4.05608E-001
-1.63861E-001
1.17681E-001
4.00628E-001
6.38672E-001
7.91406E-001
8.33327E-001
7.63323E-001
6.07459E-001
4.09556E-001
2.13177E-001
4.49664E-002
-9.23405E-002
-2.14689E-001
-3.36856E-001
-4.55722E-001
-5.50995E-001
-5.95737E-001
-5.69520E-001
-4.66609E-001
-2.94186E-001
-6.62113E-002
2.00182E-001
4.80723E-001
7.39734E-001
9.38999E-001
1.04702E+000
1.04475E+000
9.31752E-001
7.21713E-001
4.38156E-001
1.12823E-001
-2.20797E-001
-5.31739E-001
-7.91702E-001
-9.77779E-001
-1.08081E+000
-1.10794E+000
-1.07653E+000
-1.00594E+000
-9.07339E-001
-7.78508E-001
-6.10266E-001
-3.94893E-001
-1.32209E-001
1.62559E-001
4.59605E-001
7.25700E-001
9.35902E-001
1.07838E+000
1.15078E+000
1.15180E+000
1.07728E+000
9.27572E-001
7.08731E-001
4.27135E-001
9.44204E-002
-2.64693E-001
-6.15504E-001
-9.17340E-001
-1.12387E+000
-1.19888E+000
-1.13391E+000
-9.48128E-001
-6.79301E-001
-3.73341E-001
-7.39404E-002
1.86157E-001
3.89583E-001
5.34569E-001
6.29976E-001
6.86113E-001
7.07207E-001
6.88263E-001
6.21570E-001
5.05750E-001
3.46175E-001
1.52477E-001
-6.47292E-002
-2.95863E-001
-5.28980E-001
-7.45114E-001
-9.19879E-001
-1.03029E+000
-1.05646E+000
-9.83436E-001
-8.08616E-001
-5.44349E-001
-2.15728E-001
1.44412E-001
5.04856E-001
8.41229E-001
1.13476E+000
1.36884E+000
1.52499E+000
1.58279E+000
1.52430E+000
1.34083E+000
1.04095E+000
6.52759E-001
2.17512E-001
-2.19002E-001
-6.16457E-001
-9.50047E-001
-1.21243E+000
-1.40679E+000
-1.53938E+000
-1.61352E+000
-1.62402E+000
-1.55876E+000
-1.40700E+000
-1.16590E+000
-8.43062E-001
-4.57878E-001
-4.26827E-002
3.58452E-001
6.96712E-001
9.31689E-001
1.04231E+000
1.02902E+000
9.09761E-001
7.12792E-001
4.69451E-001
2.09079E-001
-4.08499E-002
-2.52670E-001
-4.04034E-001
-4.84521E-001
-4.93947E-001
-4.37863E-001
-3.28241E-001
-1.82465E-001
-1.76557E-002
1.50011E-001
3.04455E-001
4.30050E-001
5.13329E-001
5.47501E-001
5.36631E-001
4.93226E-001
4.30247E-001
3.56671E-001
2.78438E-001
1.98949E-001
1.16651E-001
2.56858E-002
-7.98537E-002
-2.00355E-001
-3.24714E-001
-4.30644E-001
-4.95469E-001
-5.08818E-001
-4.76440E-001
-4.13519E-001
-3.34004E-001
-2.45733E-001
-1.53935E-001
-6.42034E-002
1.87611E-002
9.22955E-002
1.56259E-001
2.13239E-001
2.67499E-001
3.22428E-001
3.77875E-001
4.28976E-001
4.67398E-001
4.84749E-001
4.76907E-001
4.46123E-001
3.98425E-001
3.40263E-001
2.76967E-001
2.10681E-001
1.41466E-001
7.03312E-002
-5.90184E-003
-9.85641E-002
-2.18075E-001
-3.62878E-001
-5.17751E-001
-6.58846E-001
-7.59496E-001
-7.98269E-001
-7.68409E-001
-6.78082E-001
-5.39312E-001
-3.62394E-001
-1.61807E-001
3.90225E-002
2.13556E-001
3.42679E-001
4.16885E-001
4.34758E-001
4.05921E-001
3.52155E-001
3.01206E-001
2.76215E-001
2.84991E-001
3.13681E-001
3.31493E-001
3.07077E-001
2.23475E-001
8.05545E-002
-1.08361E-001
-3.19288E-001
-5.21157E-001
-6.81220E-001
-7.71458E-001
-7.74266E-001
-6.87687E-001
-5.26191E-001
-3.14766E-001
-8.32787E-002
1.37412E-001
3.19473E-001
4.44110E-001
5.07435E-001
5.19290E-001
4.99107E-001
4.69490E-001
4.45659E-001
4.30622E-001
4.18593E-001
3.97355E-001
3.48712E-001
2.53629E-001
1.00253E-001
-1.10493E-001
-3.62825E-001
-6.28157E-001
-8.69968E-001
-1.05210E+000
-1.14985E+000
-1.15513E+000
-1.07429E+000
-9.24376E-001
-7.28484E-001
-5.10054E-001
-2.87186E-001
-7.01107E-002
1.39126E-001